[36m17:07:00.528 140446868029440 INFO [configure.cpp:47] [default] Logging to: example_log.txt
[0m[36m17:07:00.528 140446868029440 INFO [configure.cpp:49] [default] Enabled loggers: [test]
[0mPoint cloud loaded successfully.
Vertex ID: <0,0>, Timestamp (nanoseconds): 1720639339642020096
Creating new submap at vertex <0,0>
Transformation Matrix:
1 0 0 0
0 1 0 0
0 0 1 0
0 0 0 1
Original cloud size: 105430
Transformed cloud size: 105430
Cropped cloud size: 28497
Point cloud associated with vertex <0,0>.
Submap pointer saved for vertex <0,0>.
Using previous submap for vertex <0,0>
Submap pointer saved for vertex <0,0>.
Vertex ID: <0,1>, Timestamp (nanoseconds): 1720639343841590016
Distance from last submap: 0.338431 m
Rotation from last submap: 311.615 degrees
Creating new submap at vertex <0,1>
Transformation Matrix:
   0.999997 -0.00187574 -0.00166696    -0.33827
 0.00187389    0.999998 -0.00111575  0.00594934
 0.00166904  0.00111262    0.999998 -0.00857411
          0           0           0           1
Original cloud size: 105430
Transformed cloud size: 105430
Cropped cloud size: 28659
Point cloud associated with vertex <0,1>.
Submap pointer saved for vertex <0,1>.
Using previous submap for vertex <0,1>
Submap pointer saved for vertex <0,1>.
Vertex ID: <0,2>, Timestamp (nanoseconds): 1720639344242180096
Distance from last submap: 0.311224 m
Rotation from last submap: 311.526 degrees
Creating new submap at vertex <0,2>
Transformation Matrix:
    0.999997   0.00233478   0.00041407    -0.649395
 -0.00233388     0.999995   -0.0021593   0.00630995
-0.000419109   0.00215833     0.999998   -0.0151882
           0            0            0            1
Original cloud size: 105430
Transformed cloud size: 105430
Cropped cloud size: 28835
Point cloud associated with vertex <0,2>.
Submap pointer saved for vertex <0,2>.
Using previous submap for vertex <0,2>
Submap pointer saved for vertex <0,2>.
Vertex ID: <0,3>, Timestamp (nanoseconds): 1720639344642700032
Distance from last submap: 0.334579 m
Rotation from last submap: 0.285616 degrees
Using previous submap for vertex <0,3>
Submap pointer saved for vertex <0,3>.
Vertex ID: <0,4>, Timestamp (nanoseconds): 1720639345042949888
Distance from last submap: 0.722956 m
Rotation from last submap: 311.474 degrees
Creating new submap at vertex <0,4>
Transformation Matrix:
   0.999988 -0.00204979  0.00440918    -1.37233
 0.00206159    0.999994 -0.00267356 -0.00814726
-0.00440368  0.00268262    0.999987  -0.0150061
          0           0           0           1
Original cloud size: 105430
Transformed cloud size: 105430
Cropped cloud size: 29173
Point cloud associated with vertex <0,4>.
Submap pointer saved for vertex <0,4>.
Using previous submap for vertex <0,4>
Submap pointer saved for vertex <0,4>.
Vertex ID: <0,5>, Timestamp (nanoseconds): 1720639345442189824
Distance from last submap: 0.390384 m
Rotation from last submap: 0.146323 degrees
Using previous submap for vertex <0,5>
Submap pointer saved for vertex <0,5>.
Vertex ID: <0,6>, Timestamp (nanoseconds): 1720639345842430208
Distance from last submap: 0.778003 m
Rotation from last submap: 0.258909 degrees
Using previous submap for vertex <0,6>
Submap pointer saved for vertex <0,6>.
Vertex ID: <0,7>, Timestamp (nanoseconds): 1720639346242459904
Distance from last submap: 1.16502 m
Rotation from last submap: 0.286609 degrees
Using previous submap for vertex <0,7>
Submap pointer saved for vertex <0,7>.
Vertex ID: <0,8>, Timestamp (nanoseconds): 1720639346642679808
Distance from last submap: 1.55822 m
Rotation from last submap: 0.495306 degrees
Creating new submap at vertex <0,8>
Transformation Matrix:
   0.999988 -0.00305509 -0.00390645    -2.93007
 0.00305301    0.999995 -0.00053969  -0.0170555
 0.00390808 0.000527757    0.999992  -0.0563261
          0           0           0           1
Original cloud size: 105430
Transformed cloud size: 105430
Cropped cloud size: 29957
Point cloud associated with vertex <0,8>.
Submap pointer saved for vertex <0,8>.
Using previous submap for vertex <0,8>
Submap pointer saved for vertex <0,8>.
Vertex ID: <0,9>, Timestamp (nanoseconds): 1720639347042309888
Distance from last submap: 0.381308 m
Rotation from last submap: 311.676 degrees
Creating new submap at vertex <0,9>
Transformation Matrix:
   0.999987 -0.00342306 -0.00380007    -3.31131
 0.00341211     0.99999 -0.00288505    -0.01818
 0.00380991  0.00287204    0.999989  -0.0628702
          0           0           0           1
Original cloud size: 105430
Transformed cloud size: 105430
Cropped cloud size: 30168
Point cloud associated with vertex <0,9>.
Submap pointer saved for vertex <0,9>.
Using previous submap for vertex <0,9>
Submap pointer saved for vertex <0,9>.
Vertex ID: <0,10>, Timestamp (nanoseconds): 1720639347442349824
Distance from last submap: 0.377737 m
Rotation from last submap: 311.715 degrees
Creating new submap at vertex <0,10>
Transformation Matrix:
   0.999988 -0.00337578 -0.00342985    -3.68904
 0.00336168    0.999986 -0.00410731  -0.0225673
 0.00344367  0.00409573    0.999986  -0.0628598
          0           0           0           1
Original cloud size: 105430
Transformed cloud size: 105430
Cropped cloud size: 30374
Point cloud associated with vertex <0,10>.
Submap pointer saved for vertex <0,10>.
Using previous submap for vertex <0,10>
Submap pointer saved for vertex <0,10>.
Vertex ID: <0,11>, Timestamp (nanoseconds): 1720639347842370048
Distance from last submap: 0.393137 m
Rotation from last submap: 311.638 degrees
Creating new submap at vertex <0,11>
Transformation Matrix:
   0.999985 -0.00281702 -0.00462432    -4.08206
  0.0027878    0.999976 -0.00631277  -0.0235743
   0.004642  0.00629979    0.999969  -0.0727613
          0           0           0           1
Original cloud size: 105430
Transformed cloud size: 105430
Cropped cloud size: 30576
Point cloud associated with vertex <0,11>.
Submap pointer saved for vertex <0,11>.
Using previous submap for vertex <0,11>
Submap pointer saved for vertex <0,11>.
Vertex ID: <0,12>, Timestamp (nanoseconds): 1720639348242480128
Distance from last submap: 0.380586 m
Rotation from last submap: 0.394932 degrees
Using previous submap for vertex <0,12>
Submap pointer saved for vertex <0,12>.
Vertex ID: <0,13>, Timestamp (nanoseconds): 1720639348642249984
Distance from last submap: 0.770256 m
Rotation from last submap: 311.584 degrees
Creating new submap at vertex <0,13>
Transformation Matrix:
   0.999958 -0.00242993 -0.00882892    -4.85184
 0.00236548    0.999971 -0.00730204  -0.0304708
  0.0088464  0.00728085    0.999934   -0.102301
          0           0           0           1
Original cloud size: 105430
Transformed cloud size: 105430
Cropped cloud size: 30939
Point cloud associated with vertex <0,13>.
Submap pointer saved for vertex <0,13>.
Using previous submap for vertex <0,13>
Submap pointer saved for vertex <0,13>.
Vertex ID: <0,14>, Timestamp (nanoseconds): 1720639349042490112
Distance from last submap: 0.378404 m
Rotation from last submap: 311.654 degrees
Creating new submap at vertex <0,14>
Transformation Matrix:
    0.999973 -0.000916805  -0.00733717     -5.23035
 0.000859873      0.99997  -0.00775879   -0.0197729
  0.00734406   0.00775227     0.999943    -0.102257
           0            0            0            1
Original cloud size: 105430
Transformed cloud size: 105430
Cropped cloud size: 31162
Point cloud associated with vertex <0,14>.
Submap pointer saved for vertex <0,14>.
Using previous submap for vertex <0,14>
Submap pointer saved for vertex <0,14>.
Vertex ID: <0,15>, Timestamp (nanoseconds): 1720639349442759936
Distance from last submap: 0.389443 m
Rotation from last submap: 0.223138 degrees
Using previous submap for vertex <0,15>
Submap pointer saved for vertex <0,15>.
Vertex ID: <0,16>, Timestamp (nanoseconds): 1720639349843159808
Distance from last submap: 0.774405 m
Rotation from last submap: 311.467 degrees
Creating new submap at vertex <0,16>
Transformation Matrix:
    0.999882  1.88649e-05   -0.0153604     -6.00365
-0.000139953     0.999969  -0.00788209   -0.0194692
   0.0153598   0.00788331     0.999851     -0.15732
           0            0            0            1
Original cloud size: 105430
Transformed cloud size: 105430
Cropped cloud size: 31577
Point cloud associated with vertex <0,16>.
Submap pointer saved for vertex <0,16>.
Using previous submap for vertex <0,16>
Submap pointer saved for vertex <0,16>.
Vertex ID: <0,17>, Timestamp (nanoseconds): 1720639350242769920
Distance from last submap: 0.380341 m
Rotation from last submap: 0.143459 degrees
Using previous submap for vertex <0,17>
Submap pointer saved for vertex <0,17>.
Vertex ID: <0,18>, Timestamp (nanoseconds): 1720639350643030016
Distance from last submap: 0.764472 m
Rotation from last submap: 311.669 degrees
Creating new submap at vertex <0,18>
Transformation Matrix:
   0.999901  0.00117346  -0.0140199    -6.76824
-0.00129149    0.999964 -0.00841226  -0.0244356
  0.0140095  0.00842953    0.999866    -0.15434
          0           0           0           1
Original cloud size: 105430
Transformed cloud size: 105430
Cropped cloud size: 31927
Point cloud associated with vertex <0,18>.
Submap pointer saved for vertex <0,18>.
Using previous submap for vertex <0,18>
Submap pointer saved for vertex <0,18>.
Vertex ID: <0,19>, Timestamp (nanoseconds): 1720639351042710016
Distance from last submap: 0.386991 m
Rotation from last submap: 0.157273 degrees
Using previous submap for vertex <0,19>
Submap pointer saved for vertex <0,19>.
Vertex ID: <0,20>, Timestamp (nanoseconds): 1720639351442949888
Distance from last submap: 0.766655 m
Rotation from last submap: 0.333543 degrees
Using previous submap for vertex <0,20>
Submap pointer saved for vertex <0,20>.
Vertex ID: <0,21>, Timestamp (nanoseconds): 1720639351842850048
Distance from last submap: 1.15203 m
Rotation from last submap: 311.478 degrees
Creating new submap at vertex <0,21>
Transformation Matrix:
   0.999925  0.00319253  -0.0117849    -7.92047
-0.00334515    0.999911  -0.0129528  -0.0129909
  0.0117425   0.0129913    0.999847   -0.158355
          0           0           0           1
Original cloud size: 105430
Transformed cloud size: 105430
Cropped cloud size: 32535
Point cloud associated with vertex <0,21>.
Submap pointer saved for vertex <0,21>.
Using previous submap for vertex <0,21>
Submap pointer saved for vertex <0,21>.
Vertex ID: <0,22>, Timestamp (nanoseconds): 1720639352242990080
Distance from last submap: 0.384228 m
Rotation from last submap: 0.222833 degrees
Using previous submap for vertex <0,22>
Submap pointer saved for vertex <0,22>.
Vertex ID: <0,23>, Timestamp (nanoseconds): 1720639352642880000
Distance from last submap: 0.764456 m
Rotation from last submap: 311.457 degrees
Creating new submap at vertex <0,23>
Transformation Matrix:
   0.999885  0.00299248  -0.0148493    -8.68429
-0.00327715    0.999811  -0.0191839  -0.0254237
  0.0147891   0.0192303    0.999706   -0.188099
          0           0           0           1
Original cloud size: 105430
Transformed cloud size: 105430
Cropped cloud size: 33135
Point cloud associated with vertex <0,23>.
Submap pointer saved for vertex <0,23>.
Using previous submap for vertex <0,23>
Submap pointer saved for vertex <0,23>.
Vertex ID: <0,24>, Timestamp (nanoseconds): 1720639353043209984
Distance from last submap: 0.37379 m
Rotation from last submap: 0.348201 degrees
Using previous submap for vertex <0,24>
Submap pointer saved for vertex <0,24>.
Vertex ID: <0,25>, Timestamp (nanoseconds): 1720639353442550016
Distance from last submap: 0.759632 m
Rotation from last submap: 0.645568 degrees
Using previous submap for vertex <0,25>
Submap pointer saved for vertex <0,25>.
Vertex ID: <0,26>, Timestamp (nanoseconds): 1720639353843379968
Distance from last submap: 1.13953 m
Rotation from last submap: 0.830819 degrees
Using previous submap for vertex <0,26>
Submap pointer saved for vertex <0,26>.
Vertex ID: <0,27>, Timestamp (nanoseconds): 1720639354242959872
Distance from last submap: 1.51349 m
Rotation from last submap: 1.12594 degrees
Creating new submap at vertex <0,27>
Transformation Matrix:
   0.999896     0.01395 -0.00370644    -10.1991
 -0.0139765    0.999876  -0.0072328   0.0658733
 0.00360508  0.00728385    0.999967   -0.105008
          0           0           0           1
Original cloud size: 105430
Transformed cloud size: 105430
Cropped cloud size: 33783
Point cloud associated with vertex <0,27>.
Submap pointer saved for vertex <0,27>.
Using previous submap for vertex <0,27>
Submap pointer saved for vertex <0,27>.
Vertex ID: <0,28>, Timestamp (nanoseconds): 1720639354643110144
Distance from last submap: 0.387515 m
Rotation from last submap: 0.222245 degrees
Using previous submap for vertex <0,28>
Submap pointer saved for vertex <0,28>.
Vertex ID: <0,29>, Timestamp (nanoseconds): 1720639355042690048
Distance from last submap: 0.770223 m
Rotation from last submap: 0.468346 degrees
Using previous submap for vertex <0,29>
Submap pointer saved for vertex <0,29>.
Vertex ID: <0,30>, Timestamp (nanoseconds): 1720639355442990080
Distance from last submap: 1.15228 m
Rotation from last submap: 311.386 degrees
Creating new submap at vertex <0,30>
Transformation Matrix:
  0.999822  0.0153014  -0.011061   -11.3501
-0.0154125   0.999831 -0.0100289  0.0789452
 0.0109057  0.0101975   0.999889  -0.194112
         0          0          0          1
Original cloud size: 105430
Transformed cloud size: 105430
Cropped cloud size: 34331
Point cloud associated with vertex <0,30>.
Submap pointer saved for vertex <0,30>.
Using previous submap for vertex <0,30>
Submap pointer saved for vertex <0,30>.
Vertex ID: <0,31>, Timestamp (nanoseconds): 1720639355842840064
Distance from last submap: 0.381295 m
Rotation from last submap: 0.268662 degrees
Using previous submap for vertex <0,31>
Submap pointer saved for vertex <0,31>.
Vertex ID: <0,32>, Timestamp (nanoseconds): 1720639356243060224
Distance from last submap: 0.76535 m
Rotation from last submap: 0.161629 degrees
Using previous submap for vertex <0,32>
Submap pointer saved for vertex <0,32>.
Vertex ID: <0,33>, Timestamp (nanoseconds): 1720639356642810112
Distance from last submap: 1.14692 m
Rotation from last submap: 0.252788 degrees
Using previous submap for vertex <0,33>
Submap pointer saved for vertex <0,33>.
Vertex ID: <0,34>, Timestamp (nanoseconds): 1720639357043279872
Distance from last submap: 1.52934 m
Rotation from last submap: 0.396632 degrees
Creating new submap at vertex <0,34>
Transformation Matrix:
   0.999721   0.0215565 -0.00970257    -12.8788
 -0.0216281    0.999739 -0.00733434    0.149591
 0.00954193  0.00754214    0.999926    -0.19972
          0           0           0           1
Original cloud size: 105430
Transformed cloud size: 105430
Cropped cloud size: 34813
Point cloud associated with vertex <0,34>.
Submap pointer saved for vertex <0,34>.
Using previous submap for vertex <0,34>
Submap pointer saved for vertex <0,34>.
Vertex ID: <0,35>, Timestamp (nanoseconds): 1720639357442790144
Distance from last submap: 0.384748 m
Rotation from last submap: 0.219525 degrees
Using previous submap for vertex <0,35>
Submap pointer saved for vertex <0,35>.
Vertex ID: <0,36>, Timestamp (nanoseconds): 1720639357842799872
Distance from last submap: 0.763617 m
Rotation from last submap: 0.222353 degrees
Using previous submap for vertex <0,36>
Submap pointer saved for vertex <0,36>.
Vertex ID: <0,37>, Timestamp (nanoseconds): 1720639358242779904
Distance from last submap: 1.14937 m
Rotation from last submap: 311.558 degrees
Creating new submap at vertex <0,37>
Transformation Matrix:
   0.999615   0.0253674  -0.0112032    -14.0271
 -0.0254619    0.999641 -0.00838145    0.197571
  0.0109865  0.00866348    0.999902   -0.232427
          0           0           0           1
Original cloud size: 105430
Transformed cloud size: 105430
Cropped cloud size: 34932
Point cloud associated with vertex <0,37>.
Submap pointer saved for vertex <0,37>.
Using previous submap for vertex <0,37>
Submap pointer saved for vertex <0,37>.
Vertex ID: <0,38>, Timestamp (nanoseconds): 1720639358643140096
Distance from last submap: 0.383874 m
Rotation from last submap: 0.18935 degrees
Using previous submap for vertex <0,38>
Submap pointer saved for vertex <0,38>.
Vertex ID: <0,39>, Timestamp (nanoseconds): 1720639359042949888
Distance from last submap: 0.763848 m
Rotation from last submap: 0.253745 degrees
Using previous submap for vertex <0,39>
Submap pointer saved for vertex <0,39>.
Vertex ID: <0,40>, Timestamp (nanoseconds): 1720639359443160064
Distance from last submap: 1.14397 m
Rotation from last submap: 311.454 degrees
Creating new submap at vertex <0,40>
Transformation Matrix:
   0.999413   0.0311425  -0.0142585    -15.1688
 -0.0312729     0.99947 -0.00901555    0.274839
  0.0139702  0.00945616    0.999858   -0.294753
          0           0           0           1
Original cloud size: 105430
Transformed cloud size: 105430
Cropped cloud size: 35033
Point cloud associated with vertex <0,40>.
Submap pointer saved for vertex <0,40>.
Using previous submap for vertex <0,40>
Submap pointer saved for vertex <0,40>.
Vertex ID: <0,41>, Timestamp (nanoseconds): 1720639359842770176
Distance from last submap: 0.393516 m
Rotation from last submap: 0.118032 degrees
Using previous submap for vertex <0,41>
Submap pointer saved for vertex <0,41>.
Vertex ID: <0,42>, Timestamp (nanoseconds): 1720639360242899968
Distance from last submap: 0.773888 m
Rotation from last submap: 311.529 degrees
Creating new submap at vertex <0,42>
Transformation Matrix:
  0.999565  0.0259674 -0.0139913   -15.9437
-0.0261218   0.999599 -0.0109687   0.179686
 0.0137009  0.0113294   0.999842  -0.299231
         0          0          0          1
Original cloud size: 105430
Transformed cloud size: 105430
Cropped cloud size: 35068
Point cloud associated with vertex <0,42>.
Submap pointer saved for vertex <0,42>.
Using previous submap for vertex <0,42>
Submap pointer saved for vertex <0,42>.
Vertex ID: <0,43>, Timestamp (nanoseconds): 1720639360642649856
Distance from last submap: 0.39573 m
Rotation from last submap: 1.04775 degrees
Using previous submap for vertex <0,43>
Submap pointer saved for vertex <0,43>.
Vertex ID: <0,44>, Timestamp (nanoseconds): 1720639361042789888
Distance from last submap: 0.763441 m
Rotation from last submap: 310.019 degrees
Creating new submap at vertex <0,44>
Transformation Matrix:
   0.999895  -0.0144161 -0.00156568    -16.7036
   0.014397    0.999829  -0.0116071   -0.481173
 0.00173274   0.0115834    0.999931   -0.115975
          0           0           0           1
Original cloud size: 105430
Transformed cloud size: 105430
Cropped cloud size: 35130
Point cloud associated with vertex <0,44>.
Submap pointer saved for vertex <0,44>.
Using previous submap for vertex <0,44>
Submap pointer saved for vertex <0,44>.
Vertex ID: <0,45>, Timestamp (nanoseconds): 1720639361442529792
Distance from last submap: 0.38372 m
Rotation from last submap: 1.35194 degrees
Using previous submap for vertex <0,45>
Submap pointer saved for vertex <0,45>.
Vertex ID: <0,46>, Timestamp (nanoseconds): 1720639361842619904
Distance from last submap: 0.769917 m
Rotation from last submap: 2.72176 degrees
Using previous submap for vertex <0,46>
Submap pointer saved for vertex <0,46>.
Vertex ID: <0,47>, Timestamp (nanoseconds): 1720639362242459904
Distance from last submap: 1.144 m
Rotation from last submap: 4.24613 degrees
Using previous submap for vertex <0,47>
Submap pointer saved for vertex <0,47>.
Vertex ID: <0,48>, Timestamp (nanoseconds): 1720639362642929920
Distance from last submap: 1.53147 m
Rotation from last submap: 5.99031 degrees
Creating new submap at vertex <0,48>
Transformation Matrix:
  0.992927  -0.117792 -0.0148832   -18.0882
  0.117645   0.993001 -0.0104375   -2.31615
 0.0160085 0.00861279   0.999835  -0.384819
         0          0          0          1
Original cloud size: 105430
Transformed cloud size: 105430
Cropped cloud size: 35188
Point cloud associated with vertex <0,48>.
Submap pointer saved for vertex <0,48>.
Using previous submap for vertex <0,48>
Submap pointer saved for vertex <0,48>.
Vertex ID: <0,49>, Timestamp (nanoseconds): 1720639363042680064
Distance from last submap: 0.389606 m
Rotation from last submap: 310.611 degrees
Creating new submap at vertex <0,49>
Transformation Matrix:
  0.988631  -0.149526 -0.0158112   -18.3936
  0.149333   0.988705 -0.0127146   -2.90401
 0.0175338   0.010209   0.999794  -0.421732
         0          0          0          1
Original cloud size: 105430
Transformed cloud size: 105430
Cropped cloud size: 35203
Point cloud associated with vertex <0,49>.
Submap pointer saved for vertex <0,49>.
Using previous submap for vertex <0,49>
Submap pointer saved for vertex <0,49>.
Vertex ID: <0,50>, Timestamp (nanoseconds): 1720639363443059968
Distance from last submap: 0.38007 m
Rotation from last submap: 1.95507 degrees
Using previous submap for vertex <0,50>
Submap pointer saved for vertex <0,50>.
Vertex ID: <0,51>, Timestamp (nanoseconds): 1720639363842600192
Distance from last submap: 0.759371 m
Rotation from last submap: 3.91374 degrees
Using previous submap for vertex <0,51>
Submap pointer saved for vertex <0,51>.
Vertex ID: <0,52>, Timestamp (nanoseconds): 1720639364242759936
Distance from last submap: 1.14055 m
Rotation from last submap: 6.06355 degrees
Using previous submap for vertex <0,52>
Submap pointer saved for vertex <0,52>.
Vertex ID: <0,53>, Timestamp (nanoseconds): 1720639364642370048
Distance from last submap: 1.52132 m
Rotation from last submap: 8.172 degrees
Creating new submap at vertex <0,53>
Transformation Matrix:
   0.957606   -0.288057 -0.00375147    -19.3145
   0.288006    0.957572   -0.010406    -5.62063
 0.00658984  0.00888443    0.999939   -0.236145
          0           0           0           1
Original cloud size: 105430
Transformed cloud size: 105430
Cropped cloud size: 35241
Point cloud associated with vertex <0,53>.
Submap pointer saved for vertex <0,53>.
Using previous submap for vertex <0,53>
Submap pointer saved for vertex <0,53>.
Vertex ID: <0,54>, Timestamp (nanoseconds): 1720639365043080192
Distance from last submap: 0.37793 m
Rotation from last submap: 0.709944 degrees
Using previous submap for vertex <0,54>
Submap pointer saved for vertex <0,54>.
Vertex ID: <0,55>, Timestamp (nanoseconds): 1720639365442640128
Distance from last submap: 0.766349 m
Rotation from last submap: 310.397 degrees
Creating new submap at vertex <0,55>
Transformation Matrix:
  0.950233  -0.310992  -0.018454   -19.9349
  0.310781   0.950386 -0.0134365   -6.08745
 0.0217171 0.00703268   0.999739  -0.555948
         0          0          0          1
Original cloud size: 105430
Transformed cloud size: 105430
Cropped cloud size: 35404
Point cloud associated with vertex <0,55>.
Submap pointer saved for vertex <0,55>.
Using previous submap for vertex <0,55>
Submap pointer saved for vertex <0,55>.
Vertex ID: <0,56>, Timestamp (nanoseconds): 1720639365842829824
Distance from last submap: 0.390189 m
Rotation from last submap: 0.680907 degrees
Using previous submap for vertex <0,56>
Submap pointer saved for vertex <0,56>.
Vertex ID: <0,57>, Timestamp (nanoseconds): 1720639366242510080
Distance from last submap: 0.771497 m
Rotation from last submap: 1.40564 degrees
Using previous submap for vertex <0,57>
Submap pointer saved for vertex <0,57>.
Vertex ID: <0,58>, Timestamp (nanoseconds): 1720639366643059968
Distance from last submap: 1.1543 m
Rotation from last submap: 2.35575 degrees
Using previous submap for vertex <0,58>
Submap pointer saved for vertex <0,58>.
Vertex ID: <0,59>, Timestamp (nanoseconds): 1720639367042599936
Distance from last submap: 1.5389 m
Rotation from last submap: 309.775 degrees
Creating new submap at vertex <0,59>
Transformation Matrix:
   0.93094  -0.364861 -0.0150571   -21.0927
  0.364648   0.931022 -0.0151237   -7.27976
 0.0195366 0.00858866   0.999772  -0.531205
         0          0          0          1
Original cloud size: 105430
Transformed cloud size: 105430
Cropped cloud size: 35621
Point cloud associated with vertex <0,59>.
Submap pointer saved for vertex <0,59>.
Using previous submap for vertex <0,59>
Submap pointer saved for vertex <0,59>.
Vertex ID: <0,60>, Timestamp (nanoseconds): 1720639367442919936
Distance from last submap: 0.378519 m
Rotation from last submap: 0.760657 degrees
Using previous submap for vertex <0,60>
Submap pointer saved for vertex <0,60>.
Vertex ID: <0,61>, Timestamp (nanoseconds): 1720639367842380032
Distance from last submap: 0.767272 m
Rotation from last submap: 1.6393 degrees
Using previous submap for vertex <0,61>
Submap pointer saved for vertex <0,61>.
Vertex ID: <0,62>, Timestamp (nanoseconds): 1720639368243020032
Distance from last submap: 1.15101 m
Rotation from last submap: 2.5979 degrees
Using previous submap for vertex <0,62>
Submap pointer saved for vertex <0,62>.
Vertex ID: <0,63>, Timestamp (nanoseconds): 1720639368642940160
Distance from last submap: 1.53174 m
Rotation from last submap: 3.46629 degrees
Creating new submap at vertex <0,63>
Transformation Matrix:
  0.907268  -0.420252 -0.0158923   -22.1455
  0.420127   0.907403 -0.0106509   -8.60429
 0.0188968 0.00298639   0.999817  -0.543843
         0          0          0          1
Original cloud size: 105430
Transformed cloud size: 105430
Cropped cloud size: 35728
Point cloud associated with vertex <0,63>.
Submap pointer saved for vertex <0,63>.
Using previous submap for vertex <0,63>
Submap pointer saved for vertex <0,63>.
Vertex ID: <0,64>, Timestamp (nanoseconds): 1720639369043090176
Distance from last submap: 0.375691 m
Rotation from last submap: 311.185 degrees
Creating new submap at vertex <0,64>
Transformation Matrix:
  0.901451  -0.432701 -0.0125289   -22.4021
  0.432576   0.901524 -0.0114999    -8.8988
 0.0162711 0.00494692   0.999855  -0.482399
         0          0          0          1
Original cloud size: 105430
Transformed cloud size: 105430
Cropped cloud size: 35719
Point cloud associated with vertex <0,64>.
Submap pointer saved for vertex <0,64>.
Using previous submap for vertex <0,64>
Submap pointer saved for vertex <0,64>.
Vertex ID: <0,65>, Timestamp (nanoseconds): 1720639369442939904
Distance from last submap: 0.379054 m
Rotation from last submap: 0.544305 degrees
Using previous submap for vertex <0,65>
Submap pointer saved for vertex <0,65>.
Vertex ID: <0,66>, Timestamp (nanoseconds): 1720639369843059968
Distance from last submap: 0.755688 m
Rotation from last submap: 1.09737 degrees
Using previous submap for vertex <0,66>
Submap pointer saved for vertex <0,66>.
Vertex ID: <0,67>, Timestamp (nanoseconds): 1720639370242660096
Distance from last submap: 1.13446 m
Rotation from last submap: 1.33092 degrees
Using previous submap for vertex <0,67>
Submap pointer saved for vertex <0,67>.
Vertex ID: <0,68>, Timestamp (nanoseconds): 1720639370642909952
Distance from last submap: 1.52232 m
Rotation from last submap: 1.51535 degrees
Creating new submap at vertex <0,68>
Transformation Matrix:
   0.890796   -0.454399 -0.00202488    -23.7047
   0.454363    0.890767 -0.00937698    -9.48211
 0.00606459  0.00743294    0.999954   -0.249871
          0           0           0           1
Original cloud size: 105430
Transformed cloud size: 105430
Cropped cloud size: 35751
Point cloud associated with vertex <0,68>.
Submap pointer saved for vertex <0,68>.
Using previous submap for vertex <0,68>
Submap pointer saved for vertex <0,68>.
Vertex ID: <0,69>, Timestamp (nanoseconds): 1720639371042740224
Distance from last submap: 0.378939 m
Rotation from last submap: 311.359 degrees
Creating new submap at vertex <0,69>
Transformation Matrix:
   0.888365   -0.459077 -0.00744523     -24.032
   0.458988    0.888373  -0.0111224    -9.60641
  0.0117202  0.00646345     0.99991   -0.406686
          0           0           0           1
Original cloud size: 105430
Transformed cloud size: 105430
Cropped cloud size: 35875
Point cloud associated with vertex <0,69>.
Submap pointer saved for vertex <0,69>.
Using previous submap for vertex <0,69>
Submap pointer saved for vertex <0,69>.
Vertex ID: <0,70>, Timestamp (nanoseconds): 1720639371442980096
Distance from last submap: 0.379272 m
Rotation from last submap: 311.406 degrees
Creating new submap at vertex <0,70>
Transformation Matrix:
  0.885541  -0.464432 -0.0109311   -24.3514
  0.464301   0.885588 -0.0125917   -9.75134
 0.0155285 0.00607514   0.999861  -0.510729
         0          0          0          1
Original cloud size: 105430
Transformed cloud size: 105430
Cropped cloud size: 35907
Point cloud associated with vertex <0,70>.
Submap pointer saved for vertex <0,70>.
Using previous submap for vertex <0,70>
Submap pointer saved for vertex <0,70>.
Vertex ID: <0,71>, Timestamp (nanoseconds): 1720639371842569984
Distance from last submap: 0.383793 m
Rotation from last submap: 0.372924 degrees
Using previous submap for vertex <0,71>
Submap pointer saved for vertex <0,71>.
Vertex ID: <0,72>, Timestamp (nanoseconds): 1720639372243010048
Distance from last submap: 0.760501 m
Rotation from last submap: 311.278 degrees
Creating new submap at vertex <0,72>
Transformation Matrix:
  0.881064  -0.472956 -0.0062879   -25.0183
   0.47285   0.881043 -0.0132923   -9.99619
 0.0118266 0.00873816   0.999892  -0.413817
         0          0          0          1
Original cloud size: 105430
Transformed cloud size: 105430
Cropped cloud size: 35985
Point cloud associated with vertex <0,72>.
Submap pointer saved for vertex <0,72>.
Using previous submap for vertex <0,72>
Submap pointer saved for vertex <0,72>.
Vertex ID: <0,73>, Timestamp (nanoseconds): 1720639372642530048
Distance from last submap: 0.383316 m
Rotation from last submap: 311.494 degrees
Creating new submap at vertex <0,73>
Transformation Matrix:
   0.878977   -0.476843 -0.00439126    -25.3577
   0.476733    0.878914  -0.0153491    -10.1118
  0.0111787    0.011398    0.999873    -0.38908
          0           0           0           1
Original cloud size: 105430
Transformed cloud size: 105430
Cropped cloud size: 36065
Point cloud associated with vertex <0,73>.
Submap pointer saved for vertex <0,73>.
Using previous submap for vertex <0,73>
Submap pointer saved for vertex <0,73>.
Vertex ID: <0,74>, Timestamp (nanoseconds): 1720639373042710016
Distance from last submap: 0.377484 m
Rotation from last submap: 0.233884 degrees
Using previous submap for vertex <0,74>
Submap pointer saved for vertex <0,74>.
Vertex ID: <0,75>, Timestamp (nanoseconds): 1720639373442650112
Distance from last submap: 0.75576 m
Rotation from last submap: 311.413 degrees
Creating new submap at vertex <0,75>
Transformation Matrix:
   0.876541   -0.481328 0.000358423    -26.0621
   0.481269    0.876422  -0.0162697    -10.2482
 0.00751691   0.0144335    0.999868   -0.295083
          0           0           0           1
Original cloud size: 105430
Transformed cloud size: 105430
Cropped cloud size: 36164
Point cloud associated with vertex <0,75>.
Submap pointer saved for vertex <0,75>.
Using previous submap for vertex <0,75>
Submap pointer saved for vertex <0,75>.
Vertex ID: <0,76>, Timestamp (nanoseconds): 1720639373842920192
Distance from last submap: 0.377679 m
Rotation from last submap: 311.465 degrees
Creating new submap at vertex <0,76>
Transformation Matrix:
  0.874285  -0.485391 0.00461075   -26.3922
  0.485397   0.874138 -0.0165408   -10.3745
0.00399833  0.0166994   0.999853  -0.189848
         0          0          0          1
Original cloud size: 105430
Transformed cloud size: 105430
Cropped cloud size: 36272
Point cloud associated with vertex <0,76>.
Submap pointer saved for vertex <0,76>.
Using previous submap for vertex <0,76>
Submap pointer saved for vertex <0,76>.
Vertex ID: <0,77>, Timestamp (nanoseconds): 1720639374242670080
Distance from last submap: 0.385903 m
Rotation from last submap: 0.279384 degrees
Using previous submap for vertex <0,77>
Submap pointer saved for vertex <0,77>.
Vertex ID: <0,78>, Timestamp (nanoseconds): 1720639374643219968
Distance from last submap: 0.772025 m
Rotation from last submap: 0.670649 degrees
Using previous submap for vertex <0,78>
Submap pointer saved for vertex <0,78>.
Vertex ID: <0,79>, Timestamp (nanoseconds): 1720639375042929920
Distance from last submap: 1.1645 m
Rotation from last submap: 1.62261 degrees
Using previous submap for vertex <0,79>
Submap pointer saved for vertex <0,79>.
Vertex ID: <0,80>, Timestamp (nanoseconds): 1720639375443049984
Distance from last submap: 1.54593 m
Rotation from last submap: 2.67176 degrees
Creating new submap at vertex <0,80>
Transformation Matrix:
   0.85229  -0.522937 -0.0117789   -27.4564
  0.522788   0.852354 -0.0136256   -11.5662
 0.0171651 0.00545508   0.999838  -0.636188
         0          0          0          1
Original cloud size: 105430
Transformed cloud size: 105430
Cropped cloud size: 36630
Point cloud associated with vertex <0,80>.
Submap pointer saved for vertex <0,80>.
Using previous submap for vertex <0,80>
Submap pointer saved for vertex <0,80>.
Vertex ID: <0,81>, Timestamp (nanoseconds): 1720639375842629888
Distance from last submap: 0.376091 m
Rotation from last submap: 0.507912 degrees
Using previous submap for vertex <0,81>
Submap pointer saved for vertex <0,81>.
Vertex ID: <0,82>, Timestamp (nanoseconds): 1720639376242850048
Distance from last submap: 0.762416 m
Rotation from last submap: 311.138 degrees
Creating new submap at vertex <0,82>
Transformation Matrix:
   0.843533   -0.536991 -0.00962891    -28.0242
   0.536844    0.843559  -0.0143831    -12.0331
  0.0158462  0.00696339     0.99985   -0.600583
          0           0           0           1
Original cloud size: 105430
Transformed cloud size: 105430
Cropped cloud size: 36749
Point cloud associated with vertex <0,82>.
Submap pointer saved for vertex <0,82>.
Using previous submap for vertex <0,82>
Submap pointer saved for vertex <0,82>.
Vertex ID: <0,83>, Timestamp (nanoseconds): 1720639376642499840
Distance from last submap: 0.387239 m
Rotation from last submap: 0.543378 degrees
Using previous submap for vertex <0,83>
Submap pointer saved for vertex <0,83>.
Vertex ID: <0,84>, Timestamp (nanoseconds): 1720639377043180032
Distance from last submap: 0.766013 m
Rotation from last submap: 0.992836 degrees
Using previous submap for vertex <0,84>
Submap pointer saved for vertex <0,84>.
Vertex ID: <0,85>, Timestamp (nanoseconds): 1720639377442820096
Distance from last submap: 1.14235 m
Rotation from last submap: 310.8 degrees
Creating new submap at vertex <0,85>
Transformation Matrix:
   0.830499   -0.557006 -0.00402114    -28.8726
   0.556902    0.830449  -0.0146165    -12.7233
  0.0114809  0.00989964    0.999885    -0.46872
          0           0           0           1
Original cloud size: 105430
Transformed cloud size: 105430
Cropped cloud size: 36895
Point cloud associated with vertex <0,85>.
Submap pointer saved for vertex <0,85>.
Using previous submap for vertex <0,85>
Submap pointer saved for vertex <0,85>.
Vertex ID: <0,86>, Timestamp (nanoseconds): 1720639377842999808
Distance from last submap: 0.387987 m
Rotation from last submap: 311.4 degrees
Creating new submap at vertex <0,86>
Transformation Matrix:
   0.825611   -0.564214 -0.00540373    -29.1481
   0.564084     0.82557  -0.0156102    -12.9829
  0.0132686  0.00983975    0.999864   -0.526004
          0           0           0           1
Original cloud size: 105430
Transformed cloud size: 105430
Cropped cloud size: 36926
Point cloud associated with vertex <0,86>.
Submap pointer saved for vertex <0,86>.
Using previous submap for vertex <0,86>
Submap pointer saved for vertex <0,86>.
Vertex ID: <0,87>, Timestamp (nanoseconds): 1720639378242510080
Distance from last submap: 0.385167 m
Rotation from last submap: 311.247 degrees
Creating new submap at vertex <0,87>
Transformation Matrix:
  0.821477  -0.570152 -0.0101682   -29.4366
  0.569911   0.821477 -0.0194271   -13.1932
 0.0194293   0.010164    0.99976  -0.723636
         0          0          0          1
Original cloud size: 105430
Transformed cloud size: 105430
Cropped cloud size: 36970
Point cloud associated with vertex <0,87>.
Submap pointer saved for vertex <0,87>.
Using previous submap for vertex <0,87>
Submap pointer saved for vertex <0,87>.
Vertex ID: <0,88>, Timestamp (nanoseconds): 1720639378643049984
Distance from last submap: 0.380287 m
Rotation from last submap: 311.349 degrees
Creating new submap at vertex <0,88>
Transformation Matrix:
  0.816565  -0.577114 -0.0126511    -29.702
  0.576814   0.816603 -0.0211233   -13.4428
 0.0225215 0.00995126   0.999697  -0.829612
         0          0          0          1
Original cloud size: 105430
Transformed cloud size: 105430
Cropped cloud size: 36967
Point cloud associated with vertex <0,88>.
Submap pointer saved for vertex <0,88>.
Using previous submap for vertex <0,88>
Submap pointer saved for vertex <0,88>.
Vertex ID: <0,89>, Timestamp (nanoseconds): 1720639379042789888
Distance from last submap: 0.387131 m
Rotation from last submap: 311.279 degrees
Creating new submap at vertex <0,89>
Transformation Matrix:
  0.811655  -0.583895 -0.0168004   -29.9728
  0.583496   0.811777 -0.0234601   -13.6963
 0.0273365 0.00923855   0.999584   -0.99285
         0          0          0          1
Original cloud size: 105430
Transformed cloud size: 105430
Cropped cloud size: 36977
Point cloud associated with vertex <0,89>.
Submap pointer saved for vertex <0,89>.
Using previous submap for vertex <0,89>
Submap pointer saved for vertex <0,89>.
Vertex ID: <0,90>, Timestamp (nanoseconds): 1720639379443059968
Distance from last submap: 0.400834 m
Rotation from last submap: 1.07528 degrees
Using previous submap for vertex <0,90>
Submap pointer saved for vertex <0,90>.
Vertex ID: <0,91>, Timestamp (nanoseconds): 1720639379842940160
Distance from last submap: 0.748724 m
Rotation from last submap: 310.835 degrees
Creating new submap at vertex <0,91>
Transformation Matrix:
  0.802151  -0.596755 -0.0209141   -30.4949
  0.596058    0.80232 -0.0315662   -14.1765
 0.0356171  0.0128548   0.999283   -1.25684
         0          0          0          1
Original cloud size: 105430
Transformed cloud size: 105430
Cropped cloud size: 37044
Point cloud associated with vertex <0,91>.
Submap pointer saved for vertex <0,91>.
Using previous submap for vertex <0,91>
Submap pointer saved for vertex <0,91>.
Vertex ID: <0,92>, Timestamp (nanoseconds): 1720639380242650112
Distance from last submap: 0.396484 m
Rotation from last submap: 0.654502 degrees
Using previous submap for vertex <0,92>
Submap pointer saved for vertex <0,92>.
Vertex ID: <0,93>, Timestamp (nanoseconds): 1720639380542530048
Distance from last submap: 0.71423 m
Rotation from last submap: 310.916 degrees
Creating new submap at vertex <0,93>
Transformation Matrix:
   0.78981  -0.612844  -0.024937    -30.911
  0.612047   0.790129 -0.0330788   -14.8022
 0.0399755  0.0108633   0.999142    -1.4004
         0          0          0          1
Original cloud size: 105430
Transformed cloud size: 105430
Cropped cloud size: 37058
Point cloud associated with vertex <0,93>.
Submap pointer saved for vertex <0,93>.
Using previous submap for vertex <0,93>
Submap pointer saved for vertex <0,93>.
Vertex ID: <0,94>, Timestamp (nanoseconds): 1720639380942889984
Distance from last submap: 0.380817 m
Rotation from last submap: 0.732977 degrees
Using previous submap for vertex <0,94>
Submap pointer saved for vertex <0,94>.
Vertex ID: <0,95>, Timestamp (nanoseconds): 1720639381242619904
Distance from last submap: 0.687781 m
Rotation from last submap: 1.0758 degrees
Using previous submap for vertex <0,95>
Submap pointer saved for vertex <0,95>.
Vertex ID: <0,96>, Timestamp (nanoseconds): 1720639381642569984
Distance from last submap: 1.04513 m
Rotation from last submap: 2.69375 degrees
Using previous submap for vertex <0,96>
