[36m18:15:21.473 139656502538240 INFO [configure.cpp:47] [default] Logging to: example_log.txt
[0m[36m18:15:21.474 139656502538240 INFO [configure.cpp:49] [default] Enabled loggers: [test]
[0mPoint cloud loaded successfully.
Vertex ID: <0,0>, Timestamp (nanoseconds): 1740102056588532224
Creating new submap at vertex <0,0>
Transformation Matrix:
1 0 0 0
0 1 0 0
0 0 1 0
0 0 0 1
Original cloud size: 1001510
Transformed cloud size: 1001510
Cropped cloud size: 378503
Point cloud associated with vertex <0,0>.
Submap pointer saved for vertex <0,0>.
Using previous submap for vertex <0,0>
Submap pointer saved for vertex <0,0>.
Vertex ID: <0,1>, Timestamp (nanoseconds): 1740102056799523584
Distance from last submap: 4.9598e-05 m
Rotation from last submap: 7.14536e-05 degrees
Using previous submap for vertex <0,1>
Submap pointer saved for vertex <0,1>.
Vertex ID: <0,2>, Timestamp (nanoseconds): 1740102057008421888
Distance from last submap: 9.92348e-05 m
Rotation from last submap: 0.000142946 degrees
Using previous submap for vertex <0,2>
Submap pointer saved for vertex <0,2>.
Vertex ID: <0,3>, Timestamp (nanoseconds): 1740102057209303296
Distance from last submap: 0.000146544 m
Rotation from last submap: 0.000211075 degrees
Using previous submap for vertex <0,3>
Submap pointer saved for vertex <0,3>.
Vertex ID: <0,4>, Timestamp (nanoseconds): 1740102057418393344
Distance from last submap: 0.000196255 m
Rotation from last submap: 0.000282648 degrees
Using previous submap for vertex <0,4>
Submap pointer saved for vertex <0,4>.
Vertex ID: <0,5>, Timestamp (nanoseconds): 1740102057618445568
Distance from last submap: 0.000243636 m
Rotation from last submap: 0.000350921 degrees
Using previous submap for vertex <0,5>
Submap pointer saved for vertex <0,5>.
Vertex ID: <0,6>, Timestamp (nanoseconds): 1740102057819666432
Distance from last submap: 0.000291056 m
Rotation from last submap: 0.000419542 degrees
Using previous submap for vertex <0,6>
Submap pointer saved for vertex <0,6>.
Vertex ID: <0,7>, Timestamp (nanoseconds): 1740102058029327104
Distance from last submap: 0.000340892 m
Rotation from last submap: 0.000491967 degrees
Using previous submap for vertex <0,7>
Submap pointer saved for vertex <0,7>.
Vertex ID: <0,8>, Timestamp (nanoseconds): 1740102058238913536
Distance from last submap: 0.000390775 m
Rotation from last submap: 0.000564568 degrees
Using previous submap for vertex <0,8>
Submap pointer saved for vertex <0,8>.
Vertex ID: <0,9>, Timestamp (nanoseconds): 1740102058448700672
Distance from last submap: 0.0594791 m
Rotation from last submap: 0.309708 degrees
Using previous submap for vertex <0,9>
Submap pointer saved for vertex <0,9>.
Vertex ID: <0,10>, Timestamp (nanoseconds): 1740102058649293312
Distance from last submap: 0.301093 m
Rotation from last submap: 311.718 degrees
Creating new submap at vertex <0,10>
Transformation Matrix:
    0.999999 -6.84588e-05    0.0013118    -0.301092
 6.86592e-05            1 -0.000152753 -0.000869691
 -0.00131179  0.000152843     0.999999 -0.000129035
           0            0            0            1
Original cloud size: 1001510
Transformed cloud size: 1001510
Cropped cloud size: 379003
Point cloud associated with vertex <0,10>.
Submap pointer saved for vertex <0,10>.
Using previous submap for vertex <0,10>
Submap pointer saved for vertex <0,10>.
Vertex ID: <0,11>, Timestamp (nanoseconds): 1740102058858812928
Distance from last submap: 0.396157 m
Rotation from last submap: 0.633148 degrees
Using previous submap for vertex <0,11>
Submap pointer saved for vertex <0,11>.
Vertex ID: <0,12>, Timestamp (nanoseconds): 1740102059058878464
Distance from last submap: 0.796113 m
Rotation from last submap: 0.639407 degrees
Using previous submap for vertex <0,12>
Submap pointer saved for vertex <0,12>.
Vertex ID: <0,13>, Timestamp (nanoseconds): 1740102059259072768
Distance from last submap: 1.19861 m
Rotation from last submap: 311.187 degrees
Creating new submap at vertex <0,13>
Transformation Matrix:
    0.999889   -0.0142582   0.00427282     -1.49965
   0.0142607     0.999898 -0.000564951  -0.00540479
 -0.00426433  0.000625822     0.999991   0.00354422
           0            0            0            1
Original cloud size: 1001510
Transformed cloud size: 1001510
Cropped cloud size: 378313
Point cloud associated with vertex <0,13>.
Submap pointer saved for vertex <0,13>.
Using previous submap for vertex <0,13>
Submap pointer saved for vertex <0,13>.
Vertex ID: <0,14>, Timestamp (nanoseconds): 1740102059459461888
Distance from last submap: 0.398023 m
Rotation from last submap: 311.575 degrees
Creating new submap at vertex <0,14>
Transformation Matrix:
   0.999887  -0.0129384  0.00768947    -1.89766
  0.0129519    0.999915 -0.00170284 -0.00350105
-0.00766678  0.00180224    0.999969  0.00936263
          0           0           0           1
Original cloud size: 1001510
Transformed cloud size: 1001510
Cropped cloud size: 377914
Point cloud associated with vertex <0,14>.
Submap pointer saved for vertex <0,14>.
Using previous submap for vertex <0,14>
Submap pointer saved for vertex <0,14>.
Vertex ID: <0,15>, Timestamp (nanoseconds): 1740102059659935488
Distance from last submap: 0.401699 m
Rotation from last submap: 311.614 degrees
Creating new submap at vertex <0,15>
Transformation Matrix:
   0.999853  -0.0132423   0.0108644    -2.29932
  0.0132747    0.999908 -0.00291388 -0.00446379
 -0.0108248  0.00305767    0.999937   0.0163476
          0           0           0           1
Original cloud size: 1001510
Transformed cloud size: 1001510
Cropped cloud size: 377436
Point cloud associated with vertex <0,15>.
Submap pointer saved for vertex <0,15>.
Using previous submap for vertex <0,15>
Submap pointer saved for vertex <0,15>.
Vertex ID: <0,16>, Timestamp (nanoseconds): 1740102059869438720
Distance from last submap: 0.417405 m
Rotation from last submap: 311.467 degrees
Creating new submap at vertex <0,16>
Transformation Matrix:
   0.999803  -0.0125991   0.0153639    -2.71662
  0.0127068    0.999895 -0.00693052 -0.00463959
  -0.015275  0.00712438    0.999858   0.0271616
          0           0           0           1
Original cloud size: 1001510
Transformed cloud size: 1001510
Cropped cloud size: 376897
Point cloud associated with vertex <0,16>.
Submap pointer saved for vertex <0,16>.
Using previous submap for vertex <0,16>
Submap pointer saved for vertex <0,16>.
Vertex ID: <0,17>, Timestamp (nanoseconds): 1740102060069791744
Distance from last submap: 0.401621 m
Rotation from last submap: 311.515 degrees
Creating new submap at vertex <0,17>
Transformation Matrix:
   0.999732  -0.0115497   0.0200827    -3.11809
  0.0117306    0.999891 -0.00891318 -0.00211921
 -0.0199776  0.00914638    0.999759   0.0414215
          0           0           0           1
Original cloud size: 1001510
Transformed cloud size: 1001510
Cropped cloud size: 376341
Point cloud associated with vertex <0,17>.
Submap pointer saved for vertex <0,17>.
Using previous submap for vertex <0,17>
Submap pointer saved for vertex <0,17>.
Vertex ID: <0,18>, Timestamp (nanoseconds): 1740102060270262528
Distance from last submap: 0.402345 m
Rotation from last submap: 311.652 degrees
Creating new submap at vertex <0,18>
Transformation Matrix:
   0.999771  -0.0120499   0.0176792    -3.52052
  0.0122204     0.99988 -0.00956973 -0.00377439
 -0.0175618  0.00978359    0.999798    0.034524
          0           0           0           1
Original cloud size: 1001510
Transformed cloud size: 1001510
Cropped cloud size: 375674
Point cloud associated with vertex <0,18>.
Submap pointer saved for vertex <0,18>.
Using previous submap for vertex <0,18>
Submap pointer saved for vertex <0,18>.
Vertex ID: <0,19>, Timestamp (nanoseconds): 1740102060480391936
Distance from last submap: 0.42147 m
Rotation from last submap: 311.529 degrees
Creating new submap at vertex <0,19>
Transformation Matrix:
  0.999843 -0.0104328  0.0143024   -3.94209
 0.0106025   0.999874  -0.011843 0.00164452
 -0.014177  0.0119928   0.999828  0.0217149
         0          0          0          1
Original cloud size: 1001510
Transformed cloud size: 1001510
Cropped cloud size: 375071
Point cloud associated with vertex <0,19>.
Submap pointer saved for vertex <0,19>.
Using previous submap for vertex <0,19>
Submap pointer saved for vertex <0,19>.
Vertex ID: <0,20>, Timestamp (nanoseconds): 1740102060690008832
Distance from last submap: 0.422338 m
Rotation from last submap: 0.233752 degrees
Using previous submap for vertex <0,20>
Submap pointer saved for vertex <0,20>.
Vertex ID: <0,21>, Timestamp (nanoseconds): 1740102060890632960
Distance from last submap: 0.823075 m
Rotation from last submap: 0.432851 degrees
Using previous submap for vertex <0,21>
Submap pointer saved for vertex <0,21>.
Vertex ID: <0,22>, Timestamp (nanoseconds): 1740102061090921984
Distance from last submap: 1.22026 m
Rotation from last submap: 2.28304 degrees
Using previous submap for vertex <0,22>
Submap pointer saved for vertex <0,22>.
Vertex ID: <0,23>, Timestamp (nanoseconds): 1740102061300785152
Distance from last submap: 1.65155 m
Rotation from last submap: 5.23923 degrees
Creating new submap at vertex <0,23>
Transformation Matrix:
   0.996812   0.0790577    0.010779    -5.57355
 -0.0791178    0.996851  0.00526827    0.471803
 -0.0103286 -0.00610428    0.999928  0.00316682
          0           0           0           1
Original cloud size: 1001510
Transformed cloud size: 1001510
Cropped cloud size: 372309
Point cloud associated with vertex <0,23>.
Submap pointer saved for vertex <0,23>.
Using previous submap for vertex <0,23>
Submap pointer saved for vertex <0,23>.
Vertex ID: <0,24>, Timestamp (nanoseconds): 1740102061510422016
Distance from last submap: 0.419674 m
Rotation from last submap: 0.342039 degrees
Using previous submap for vertex <0,24>
Submap pointer saved for vertex <0,24>.
Vertex ID: <0,25>, Timestamp (nanoseconds): 1740102061711890176
Distance from last submap: 0.827526 m
Rotation from last submap: 0.775157 degrees
Using previous submap for vertex <0,25>
Submap pointer saved for vertex <0,25>.
Vertex ID: <0,26>, Timestamp (nanoseconds): 1740102061921051904
Distance from last submap: 1.26582 m
Rotation from last submap: 5.38512 degrees
Using previous submap for vertex <0,26>
Submap pointer saved for vertex <0,26>.
Vertex ID: <0,27>, Timestamp (nanoseconds): 1740102062121053440
Distance from last submap: 1.65979 m
Rotation from last submap: 5.89599 degrees
Creating new submap at vertex <0,27>
Transformation Matrix:
   0.983931    0.178224   0.0107792    -7.15221
  -0.178463    0.983536   0.0284362      1.1684
-0.00553368   -0.029903    0.999537  -0.0258205
          0           0           0           1
Original cloud size: 1001510
Transformed cloud size: 1001510
Cropped cloud size: 370415
Point cloud associated with vertex <0,27>.
Submap pointer saved for vertex <0,27>.
Using previous submap for vertex <0,27>
Submap pointer saved for vertex <0,27>.
Vertex ID: <0,28>, Timestamp (nanoseconds): 1740102062321896960
Distance from last submap: 0.40037 m
Rotation from last submap: 0.50609 degrees
Using previous submap for vertex <0,28>
Submap pointer saved for vertex <0,28>.
Vertex ID: <0,29>, Timestamp (nanoseconds): 1740102062531502592
Distance from last submap: 0.820075 m
Rotation from last submap: 0.971767 degrees
Using previous submap for vertex <0,29>
Submap pointer saved for vertex <0,29>.
Vertex ID: <0,30>, Timestamp (nanoseconds): 1740102062741129984
Distance from last submap: 1.2424 m
Rotation from last submap: 1.40542 degrees
Using previous submap for vertex <0,30>
Submap pointer saved for vertex <0,30>.
Vertex ID: <0,31>, Timestamp (nanoseconds): 1740102062941971712
Distance from last submap: 1.63984 m
Rotation from last submap: 1.68344 degrees
Creating new submap at vertex <0,31>
Transformation Matrix:
  0.984186   0.175009  0.0273789   -8.79461
 -0.176249   0.982944  0.0525061    1.15627
-0.0177229 -0.0565013   0.998245  0.0776201
         0          0          0          1
Original cloud size: 1001510
Transformed cloud size: 1001510
Cropped cloud size: 368926
Point cloud associated with vertex <0,31>.
Submap pointer saved for vertex <0,31>.
Using previous submap for vertex <0,31>
Submap pointer saved for vertex <0,31>.
Vertex ID: <0,32>, Timestamp (nanoseconds): 1740102063152496896
Distance from last submap: 0.424535 m
Rotation from last submap: 0.713863 degrees
Using previous submap for vertex <0,32>
Submap pointer saved for vertex <0,32>.
Vertex ID: <0,33>, Timestamp (nanoseconds): 1740102063362283008
Distance from last submap: 0.845916 m
Rotation from last submap: 1.29046 degrees
Using previous submap for vertex <0,33>
Submap pointer saved for vertex <0,33>.
Vertex ID: <0,34>, Timestamp (nanoseconds): 1740102063572608768
Distance from last submap: 1.26598 m
Rotation from last submap: 1.5447 degrees
Using previous submap for vertex <0,34>
Submap pointer saved for vertex <0,34>.
Vertex ID: <0,35>, Timestamp (nanoseconds): 1740102063773301504
Distance from last submap: 1.66643 m
Rotation from last submap: 2.0357 degrees
Creating new submap at vertex <0,35>
Transformation Matrix:
   0.983863    0.177936   0.0187696    -10.4584
  -0.178898    0.980039   0.0867124     1.19133
-0.00296575   -0.088671    0.996057  -0.0387858
          0           0           0           1
Original cloud size: 1001510
Transformed cloud size: 1001510
Cropped cloud size: 367535
Point cloud associated with vertex <0,35>.
Submap pointer saved for vertex <0,35>.
Using previous submap for vertex <0,35>
Submap pointer saved for vertex <0,35>.
Vertex ID: <0,36>, Timestamp (nanoseconds): 1740102063983094016
Distance from last submap: 0.420201 m
Rotation from last submap: 0.345818 degrees
Using previous submap for vertex <0,36>
Submap pointer saved for vertex <0,36>.
Vertex ID: <0,37>, Timestamp (nanoseconds): 1740102064184858880
Distance from last submap: 0.823591 m
Rotation from last submap: 0.868789 degrees
Using previous submap for vertex <0,37>
Submap pointer saved for vertex <0,37>.
Vertex ID: <0,38>, Timestamp (nanoseconds): 1740102064385588992
Distance from last submap: 1.22093 m
Rotation from last submap: 1.04662 degrees
Using previous submap for vertex <0,38>
Submap pointer saved for vertex <0,38>.
Vertex ID: <0,39>, Timestamp (nanoseconds): 1740102064593971456
Distance from last submap: 1.64198 m
Rotation from last submap: 1.20589 degrees
Creating new submap at vertex <0,39>
Transformation Matrix:
  0.985968   0.164334  0.0293546   -12.1145
 -0.166463   0.981072  0.0989321    1.05678
-0.0125411   -0.10243   0.994661  0.0848936
         0          0          0          1
Original cloud size: 1001510
Transformed cloud size: 1001510
Cropped cloud size: 365037
Point cloud associated with vertex <0,39>.
Submap pointer saved for vertex <0,39>.
Using previous submap for vertex <0,39>
Submap pointer saved for vertex <0,39>.
Vertex ID: <0,40>, Timestamp (nanoseconds): 1740102064803675904
Distance from last submap: 0.414587 m
Rotation from last submap: 1.39305 degrees
Using previous submap for vertex <0,40>
Submap pointer saved for vertex <0,40>.
Vertex ID: <0,41>, Timestamp (nanoseconds): 1740102065004051712
Distance from last submap: 0.815781 m
Rotation from last submap: 309.787 degrees
Creating new submap at vertex <0,41>
Transformation Matrix:
   0.993354    0.113752   0.0175559    -12.9686
  -0.114934    0.988471   0.0985689    0.395735
-0.00614116  -0.0999316    0.994975  0.00293461
          0           0           0           1
Original cloud size: 1001510
Transformed cloud size: 1001510
Cropped cloud size: 363313
Point cloud associated with vertex <0,41>.
Submap pointer saved for vertex <0,41>.
Using previous submap for vertex <0,41>
Submap pointer saved for vertex <0,41>.
Vertex ID: <0,42>, Timestamp (nanoseconds): 1740102065204979712
Distance from last submap: 0.399766 m
Rotation from last submap: 311.603 degrees
Creating new submap at vertex <0,42>
Transformation Matrix:
   0.993172    0.115758   0.0144733    -13.3676
  -0.116623    0.988282    0.098474    0.419439
-0.00290455  -0.0994896    0.995034  -0.0405034
          0           0           0           1
Original cloud size: 1001510
Transformed cloud size: 1001510
Cropped cloud size: 362353
Point cloud associated with vertex <0,42>.
Submap pointer saved for vertex <0,42>.
Using previous submap for vertex <0,42>
Submap pointer saved for vertex <0,42>.
Vertex ID: <0,43>, Timestamp (nanoseconds): 1740102065405255424
Distance from last submap: 0.396947 m
Rotation from last submap: 0.159865 degrees
Using previous submap for vertex <0,43>
Submap pointer saved for vertex <0,43>.
Vertex ID: <0,44>, Timestamp (nanoseconds): 1740102065614641152
Distance from last submap: 0.726494 m
Rotation from last submap: 311.056 degrees
Creating new submap at vertex <0,44>
Transformation Matrix:
    0.99518   0.0969751   0.0145774    -14.0996
 -0.0979401    0.990362   0.0979305    0.162912
-0.00494008  -0.0988862    0.995086  -0.0135652
          0           0           0           1
Original cloud size: 1001510
Transformed cloud size: 1001510
Cropped cloud size: 360223
Point cloud associated with vertex <0,44>.
Submap pointer saved for vertex <0,44>.
Using previous submap for vertex <0,44>
Submap pointer saved for vertex <0,44>.
Vertex ID: <0,45>, Timestamp (nanoseconds): 1740102065824466432
Distance from last submap: 0.252893 m
Rotation from last submap: 0.652082 degrees
Using previous submap for vertex <0,45>
Submap pointer saved for vertex <0,45>.
Vertex ID: <0,46>, Timestamp (nanoseconds): 1740102066025301504
Distance from last submap: 0.439569 m
Rotation from last submap: 2.38719 degrees
Using previous submap for vertex <0,46>
Submap pointer saved for vertex <0,46>.
Vertex ID: <0,47>, Timestamp (nanoseconds): 1740102066225537024
Distance from last submap: 0.573188 m
Rotation from last submap: 4.38985 degrees
Using previous submap for vertex <0,47>
Submap pointer saved for vertex <0,47>.
Vertex ID: <0,48>, Timestamp (nanoseconds): 1740102066435473920
Distance from last submap: 0.715675 m
Rotation from last submap: 4.38911 degrees
Using previous submap for vertex <0,48>
Submap pointer saved for vertex <0,48>.
Vertex ID: <0,49>, Timestamp (nanoseconds): 1740102066645141504
Distance from last submap: 0.786969 m
Rotation from last submap: 309.101 degrees
Creating new submap at vertex <0,49>
Transformation Matrix:
   0.999808   0.0191104  0.00432582    -14.8557
 -0.0194435    0.994951   0.0984612    -0.95254
-0.00242234  -0.0985264    0.995131  -0.0497172
          0           0           0           1
Original cloud size: 1001510
Transformed cloud size: 1001510
Cropped cloud size: 357924
Point cloud associated with vertex <0,49>.
Submap pointer saved for vertex <0,49>.
Using previous submap for vertex <0,49>
Submap pointer saved for vertex <0,49>.
Vertex ID: <0,50>, Timestamp (nanoseconds): 1740102066845919232
Distance from last submap: 0.0141047 m
Rotation from last submap: 0.0697546 degrees
Using previous submap for vertex <0,50>
Submap pointer saved for vertex <0,50>.
Vertex ID: <0,51>, Timestamp (nanoseconds): 1740102067055404800
Distance from last submap: 0.0375203 m
Rotation from last submap: 0.499565 degrees
Using previous submap for vertex <0,51>
Submap pointer saved for vertex <0,51>.
Vertex ID: <0,52>, Timestamp (nanoseconds): 1740102067256835072
Distance from last submap: 0.147375 m
Rotation from last submap: 311.062 degrees
Creating new submap at vertex <0,52>
Transformation Matrix:
   0.999318   0.0368085  0.00301764    -15.0172
 -0.0369273    0.994546     0.09754   -0.689034
0.000589123  -0.0975849    0.995227  -0.0958203
          0           0           0           1
Original cloud size: 1001510
Transformed cloud size: 1001510
Cropped cloud size: 357468
Point cloud associated with vertex <0,52>.
Submap pointer saved for vertex <0,52>.
Using previous submap for vertex <0,52>
Submap pointer saved for vertex <0,52>.
Vertex ID: <0,53>, Timestamp (nanoseconds): 1740102067465687808
Distance from last submap: 0.0222724 m
Rotation from last submap: 311.503 degrees
Creating new submap at vertex <0,53>
Transformation Matrix:
    0.999033    0.0437278   0.00460385     -15.0437
  -0.0439684     0.994273    0.0974113    -0.579383
-0.000317892   -0.0975195     0.995234   -0.0826919
           0            0            0            1
Original cloud size: 1001510
Transformed cloud size: 1001510
Cropped cloud size: 357390
Point cloud associated with vertex <0,53>.
Submap pointer saved for vertex <0,53>.
Using previous submap for vertex <0,53>
Submap pointer saved for vertex <0,53>.
Vertex ID: <0,54>, Timestamp (nanoseconds): 1740102067675941632
Distance from last submap: 0.00129483 m
Rotation from last submap: 0.0469178 degrees
Using previous submap for vertex <0,54>
Submap pointer saved for vertex <0,54>.
Vertex ID: <0,55>, Timestamp (nanoseconds): 1740102067885383936
Distance from last submap: 0.0374194 m
Rotation from last submap: 311.556 degrees
Creating new submap at vertex <0,55>
Transformation Matrix:
  0.999263  0.0382331 0.00344223   -15.0775
-0.0383866   0.994525   0.097192  -0.660268
0.00029257 -0.0972525    0.99526 -0.0922095
         0          0          0          1
Original cloud size: 1001510
Transformed cloud size: 1001510
Cropped cloud size: 357272
Point cloud associated with vertex <0,55>.
Submap pointer saved for vertex <0,55>.
Using previous submap for vertex <0,55>
Submap pointer saved for vertex <0,55>.
Vertex ID: <0,56>, Timestamp (nanoseconds): 1740102068085607168
Distance from last submap: 0.211932 m
Rotation from last submap: 0.480348 degrees
Using previous submap for vertex <0,56>
Submap pointer saved for vertex <0,56>.
Vertex ID: <0,57>, Timestamp (nanoseconds): 1740102068286336512
Distance from last submap: 0.56296 m
Rotation from last submap: 0.749532 degrees
Using previous submap for vertex <0,57>
Submap pointer saved for vertex <0,57>.
Vertex ID: <0,58>, Timestamp (nanoseconds): 1740102068497094400
Distance from last submap: 0.957013 m
Rotation from last submap: 311.352 degrees
Creating new submap at vertex <0,58>
Transformation Matrix:
   0.999002   0.0446137 -0.00196777    -16.0373
 -0.0442163    0.994357   0.0964332   -0.573725
 0.00625891    -0.09625    0.995338   -0.185532
          0           0           0           1
Original cloud size: 1001510
Transformed cloud size: 1001510
Cropped cloud size: 353975
Point cloud associated with vertex <0,58>.
Submap pointer saved for vertex <0,58>.
Using previous submap for vertex <0,58>
Submap pointer saved for vertex <0,58>.
Vertex ID: <0,59>, Timestamp (nanoseconds): 1740102068697445632
Distance from last submap: 0.246051 m
Rotation from last submap: 311.347 degrees
Creating new submap at vertex <0,59>
Transformation Matrix:
   0.999272   0.0376429 -0.00616973    -16.2779
 -0.0368926    0.994842   0.0944924   -0.688458
 0.00969487  -0.0941961    0.995506   -0.242288
          0           0           0           1
Original cloud size: 1001510
Transformed cloud size: 1001510
Cropped cloud size: 353044
Point cloud associated with vertex <0,59>.
Submap pointer saved for vertex <0,59>.
Using previous submap for vertex <0,59>
Submap pointer saved for vertex <0,59>.
Vertex ID: <0,60>, Timestamp (nanoseconds): 1740102068906257664
Distance from last submap: 0.109367 m
Rotation from last submap: 311.548 degrees
Creating new submap at vertex <0,60>
Transformation Matrix:
   0.999401   0.0336262 -0.00824105    -16.3838
 -0.0327082    0.995068   0.0936477   -0.754445
  0.0113494   -0.093322    0.995571    -0.27017
          0           0           0           1
Original cloud size: 1001510
Transformed cloud size: 1001510
Cropped cloud size: 352601
Point cloud associated with vertex <0,60>.
Submap pointer saved for vertex <0,60>.
Using previous submap for vertex <0,60>
Submap pointer saved for vertex <0,60>.
Vertex ID: <0,61>, Timestamp (nanoseconds): 1740102069106366720
Distance from last submap: 0.00442436 m
Rotation from last submap: 311.751 degrees
Creating new submap at vertex <0,61>
Transformation Matrix:
   0.999386   0.0340672 -0.00823976    -16.3885
 -0.0331483     0.99506   0.0935744   -0.747228
  0.0113869  -0.0932438    0.995578   -0.270855
          0           0           0           1
Original cloud size: 1001510
Transformed cloud size: 1001510
Cropped cloud size: 352588
Point cloud associated with vertex <0,61>.
Submap pointer saved for vertex <0,61>.
Using previous submap for vertex <0,61>
Submap pointer saved for vertex <0,61>.
Vertex ID: <0,62>, Timestamp (nanoseconds): 1740102069306563584
Distance from last submap: 0.000890943 m
Rotation from last submap: 311.759 degrees
Creating new submap at vertex <0,62>
Transformation Matrix:
   0.999378   0.0343062 -0.00819082    -16.3896
 -0.0333912    0.995055   0.0935436   -0.743264
  0.0113594  -0.0932119    0.995581   -0.270433
          0           0           0           1
Original cloud size: 1001510
Transformed cloud size: 1001510
Cropped cloud size: 352583
Point cloud associated with vertex <0,62>.
Submap pointer saved for vertex <0,62>.
Using previous submap for vertex <0,62>
Submap pointer saved for vertex <0,62>.
Vertex ID: <0,63>, Timestamp (nanoseconds): 1740102069506571520
Distance from last submap: 0.000898596 m
Rotation from last submap: 0.00518375 degrees
Using previous submap for vertex <0,63>
Submap pointer saved for vertex <0,63>.
Vertex ID: <0,64>, Timestamp (nanoseconds): 1740102069707916544
Distance from last submap: 0.00179354 m
Rotation from last submap: 0.0140664 degrees
Using previous submap for vertex <0,64>
Submap pointer saved for vertex <0,64>.
Vertex ID: <0,65>, Timestamp (nanoseconds): 1740102069917563392
Distance from last submap: 0.00271549 m
Rotation from last submap: 0.0150461 degrees
Using previous submap for vertex <0,65>
Submap pointer saved for vertex <0,65>.
Vertex ID: <0,66>, Timestamp (nanoseconds): 1740102070120084736
Distance from last submap: 0.00335551 m
Rotation from last submap: 0.0320703 degrees
Using previous submap for vertex <0,66>
Submap pointer saved for vertex <0,66>.
Vertex ID: <0,67>, Timestamp (nanoseconds): 1740102070328840704
Distance from last submap: 0.00398205 m
Rotation from last submap: 0.0444271 degrees
Using previous submap for vertex <0,67>
Submap pointer saved for vertex <0,67>.
Vertex ID: <0,68>, Timestamp (nanoseconds): 1740102070538793728
Distance from last submap: 0.0613667 m
Rotation from last submap: 311.708 degrees
Creating new submap at vertex <0,68>
Transformation Matrix:
   0.999401   0.0334587 -0.00884089    -16.4501
 -0.0324912     0.99512   0.0931721   -0.757376
  0.0119152   -0.092829    0.995611   -0.279102
          0           0           0           1
Original cloud size: 1001510
Transformed cloud size: 1001510
Cropped cloud size: 352376
Point cloud associated with vertex <0,68>.
Submap pointer saved for vertex <0,68>.
Using previous submap for vertex <0,68>
Submap pointer saved for vertex <0,68>.
Vertex ID: <0,69>, Timestamp (nanoseconds): 1740102070748919808
Distance from last submap: 0.214893 m
Rotation from last submap: 311.307 degrees
Creating new submap at vertex <0,69>
Transformation Matrix:
  0.998992  0.0437178 -0.0101513   -16.6709
-0.0426062   0.994877  0.0916732  -0.580571
  0.014107 -0.0911483   0.995737  -0.319256
         0          0          0          1
Original cloud size: 1001510
Transformed cloud size: 1001510
Cropped cloud size: 351609
Point cloud associated with vertex <0,69>.
Submap pointer saved for vertex <0,69>.
Using previous submap for vertex <0,69>
Submap pointer saved for vertex <0,69>.
Vertex ID: <0,70>, Timestamp (nanoseconds): 1740102070949146368
Distance from last submap: 0.304294 m
Rotation from last submap: 310.453 degrees
Creating new submap at vertex <0,70>
Transformation Matrix:
   0.996834   0.0789739 -0.00919574    -16.9843
 -0.0778376    0.992928   0.0896385   0.0195588
  0.0162098   -0.088639    0.995932   -0.358725
          0           0           0           1
Original cloud size: 1001510
Transformed cloud size: 1001510
Cropped cloud size: 350556
Point cloud associated with vertex <0,70>.
Submap pointer saved for vertex <0,70>.
Using previous submap for vertex <0,70>
Submap pointer saved for vertex <0,70>.
Vertex ID: <0,71>, Timestamp (nanoseconds): 1740102071149248256
Distance from last submap: 0.33359 m
Rotation from last submap: 308.56 degrees
Creating new submap at vertex <0,71>
Transformation Matrix:
   0.985475    0.169793 -0.00300641    -17.2406
  -0.168912    0.981884   0.0858657     1.62426
  0.0175314  -0.0841107    0.996302   -0.386644
          0           0           0           1
Original cloud size: 1001510
Transformed cloud size: 1001510
Cropped cloud size: 349339
Point cloud associated with vertex <0,71>.
Submap pointer saved for vertex <0,71>.
Using previous submap for vertex <0,71>
Submap pointer saved for vertex <0,71>.
Vertex ID: <0,72>, Timestamp (nanoseconds): 1740102071358875136
Distance from last submap: 0.423759 m
Rotation from last submap: 306.064 degrees
Creating new submap at vertex <0,72>
Transformation Matrix:
  0.943439    0.33152 0.00422146   -17.1375
 -0.330652   0.939883  0.0853745    4.57451
 0.0243357 -0.0819414    0.99634  -0.508021
         0          0          0          1
Original cloud size: 1001510
Transformed cloud size: 1001510
Cropped cloud size: 347926
Point cloud associated with vertex <0,72>.
Submap pointer saved for vertex <0,72>.
Using previous submap for vertex <0,72>
Submap pointer saved for vertex <0,72>.
Vertex ID: <0,73>, Timestamp (nanoseconds): 1740102071568560384
Distance from last submap: 0.429914 m
Rotation from last submap: 12.7164 degrees
Using previous submap for vertex <0,73>
Submap pointer saved for vertex <0,73>.
Vertex ID: <0,74>, Timestamp (nanoseconds): 1740102071770652928
Distance from last submap: 0.834213 m
Rotation from last submap: 21.725 degrees
Using previous submap for vertex <0,74>
Submap pointer saved for vertex <0,74>.
Vertex ID: <0,75>, Timestamp (nanoseconds): 1740102071973028864
Distance from last submap: 1.21381 m
Rotation from last submap: 27.0635 degrees
Using previous submap for vertex <0,75>
Submap pointer saved for vertex <0,75>.
Vertex ID: <0,76>, Timestamp (nanoseconds): 1740102072182333440
Distance from last submap: 1.6002 m
Rotation from last submap: 27.7068 degrees
Creating new submap at vertex <0,76>
Transformation Matrix:
 0.682622  0.728622 0.0560019  -14.5849
-0.729865  0.675955   0.10189   12.4882
0.0363845 -0.110426  0.993218 -0.677424
        0         0         0         1
Original cloud size: 1001510
Transformed cloud size: 1001510
Cropped cloud size: 344022
Point cloud associated with vertex <0,76>.
Submap pointer saved for vertex <0,76>.
Using previous submap for vertex <0,76>
Submap pointer saved for vertex <0,76>.
Vertex ID: <0,77>, Timestamp (nanoseconds): 1740102072383146240
Distance from last submap: 0.400223 m
Rotation from last submap: 0.588304 degrees
Using previous submap for vertex <0,77>
Submap pointer saved for vertex <0,77>.
Vertex ID: <0,78>, Timestamp (nanoseconds): 1740102072592207360
Distance from last submap: 0.853852 m
Rotation from last submap: 3.99301 degrees
Using previous submap for vertex <0,78>
Submap pointer saved for vertex <0,78>.
Vertex ID: <0,79>, Timestamp (nanoseconds): 1740102072801417472
Distance from last submap: 1.27303 m
Rotation from last submap: 15.9879 degrees
Using previous submap for vertex <0,79>
Submap pointer saved for vertex <0,79>.
Vertex ID: <0,80>, Timestamp (nanoseconds): 1740102073001576704
Distance from last submap: 1.66473 m
Rotation from last submap: 29.9874 degrees
Creating new submap at vertex <0,80>
Transformation Matrix:
 0.230928  0.961418  0.149491  -7.90818
-0.972664  0.224256 0.0602839   18.9267
0.0244338 -0.159326  0.986924 -0.304488
        0         0         0         1
Original cloud size: 1001510
Transformed cloud size: 1001510
Cropped cloud size: 341934
Point cloud associated with vertex <0,80>.
Submap pointer saved for vertex <0,80>.
Using previous submap for vertex <0,80>
Submap pointer saved for vertex <0,80>.
Vertex ID: <0,81>, Timestamp (nanoseconds): 1740102073211407360
Distance from last submap: 0.433263 m
Rotation from last submap: 303.404 degrees
Creating new submap at vertex <0,81>
Transformation Matrix:
-0.0115054   0.985151   0.171303   -3.48573
 -0.999735 -0.0147527  0.0176958     20.449
 0.0199602  -0.171054   0.985059  -0.170868
         0          0          0          1
Original cloud size: 1001510
Transformed cloud size: 1001510
Cropped cloud size: 341838
Point cloud associated with vertex <0,81>.
Submap pointer saved for vertex <0,81>.
Using previous submap for vertex <0,81>
Submap pointer saved for vertex <0,81>.
Vertex ID: <0,82>, Timestamp (nanoseconds): 1740102073411665920
Distance from last submap: 0.345112 m
Rotation from last submap: 306.43 degrees
Creating new submap at vertex <0,82>
Transformation Matrix:
 -0.165552   0.972282   0.165104    -0.6097
 -0.986047   -0.16615 -0.0102787    20.8767
 0.0174384  -0.164502   0.986223  -0.145103
         0          0          0          1
Original cloud size: 1001510
Transformed cloud size: 1001510
Cropped cloud size: 342235
Point cloud associated with vertex <0,82>.
Submap pointer saved for vertex <0,82>.
Using previous submap for vertex <0,82>
Submap pointer saved for vertex <0,82>.
Vertex ID: <0,83>, Timestamp (nanoseconds): 1740102073621417728
Distance from last submap: 0.379367 m
Rotation from last submap: 309.741 degrees
Creating new submap at vertex <0,83>
Transformation Matrix:
  -0.21879   0.961194   0.168037   0.146002
 -0.975659  -0.218116 -0.0226875    20.9064
 0.0148445  -0.168911    0.98552 -0.0761232
         0          0          0          1
Original cloud size: 1001510
Transformed cloud size: 1001510
Cropped cloud size: 343176
Point cloud associated with vertex <0,83>.
Submap pointer saved for vertex <0,83>.
Using previous submap for vertex <0,83>
Submap pointer saved for vertex <0,83>.
Vertex ID: <0,84>, Timestamp (nanoseconds): 1740102073823438592
Distance from last submap: 0.379678 m
Rotation from last submap: 1.30734 degrees
Using previous submap for vertex <0,84>
Submap pointer saved for vertex <0,84>.
Vertex ID: <0,85>, Timestamp (nanoseconds): 1740102074031546624
Distance from last submap: 0.808748 m
Rotation from last submap: 3.75627 degrees
Using previous submap for vertex <0,85>
Submap pointer saved for vertex <0,85>.
Vertex ID: <0,86>, Timestamp (nanoseconds): 1740102074231846912
Distance from last submap: 1.21767 m
Rotation from last submap: 6.94105 degrees
Using previous submap for vertex <0,86>
Submap pointer saved for vertex <0,86>.
Vertex ID: <0,87>, Timestamp (nanoseconds): 1740102074441247488
Distance from last submap: 1.61894 m
Rotation from last submap: 8.65561 degrees
Creating new submap at vertex <0,87>
Transformation Matrix:
 -0.207723   0.977939  0.0220767   -1.69205
 -0.978083  -0.207979 0.00995845    20.8859
 0.0143302 -0.0195243   0.999707  -0.847248
         0          0          0          1
Original cloud size: 1001510
Transformed cloud size: 1001510
Cropped cloud size: 347903
Point cloud associated with vertex <0,87>.
Submap pointer saved for vertex <0,87>.
Using previous submap for vertex <0,87>
Submap pointer saved for vertex <0,87>.
Vertex ID: <0,88>, Timestamp (nanoseconds): 1740102074648955648
Distance from last submap: 0.451042 m
Rotation from last submap: 4.07998 degrees
Using previous submap for vertex <0,88>
Submap pointer saved for vertex <0,88>.
Vertex ID: <0,89>, Timestamp (nanoseconds): 1740102074849094912
Distance from last submap: 0.904604 m
Rotation from last submap: 9.34027 degrees
Using previous submap for vertex <0,89>
Submap pointer saved for vertex <0,89>.
Vertex ID: <0,90>, Timestamp (nanoseconds): 1740102075057228032
Distance from last submap: 1.35442 m
Rotation from last submap: 12.0513 degrees
Using previous submap for vertex <0,90>
Submap pointer saved for vertex <0,90>.
Vertex ID: <0,91>, Timestamp (nanoseconds): 1740102075266071296
Distance from last submap: 1.76335 m
Rotation from last submap: 303.399 degrees
Creating new submap at vertex <0,91>
Transformation Matrix:
  -0.399262    0.913759   0.0750635     0.75012
  -0.916521   -0.399934 -0.00650542     20.9542
  0.0240761  -0.0713946    0.997158   -0.618124
          0           0           0           1
Original cloud size: 1001510
Transformed cloud size: 1001510
Cropped cloud size: 354072
Point cloud associated with vertex <0,91>.
Submap pointer saved for vertex <0,91>.
Using previous submap for vertex <0,91>
Submap pointer saved for vertex <0,91>.
Vertex ID: <0,92>, Timestamp (nanoseconds): 1740102075467199744
Distance from last submap: 0.392925 m
Rotation from last submap: 308.205 degrees
Creating new submap at vertex <0,92>
Transformation Matrix:
 -0.453534    0.88648  0.0919787    1.61425
 -0.891222  -0.451749  -0.040583     20.904
0.00557525  -0.100379   0.994934 -0.0260567
         0          0          0          1
Original cloud size: 1001510
Transformed cloud size: 1001510
Cropped cloud size: 355108
Point cloud associated with vertex <0,92>.
Submap pointer saved for vertex <0,92>.
Using previous submap for vertex <0,92>
Submap pointer saved for vertex <0,92>.
Vertex ID: <0,93>, Timestamp (nanoseconds): 1740102075674820096
Distance from last submap: 0.364618 m
Rotation from last submap: 306.102 degrees
Creating new submap at vertex <0,93>
Transformation Matrix:
  -0.581912    0.808534   0.0874752     4.37318
  -0.813214   -0.577473  -0.0721648     20.5087
-0.00783318    -0.11313    0.993549    0.347839
          0           0           0           1
Original cloud size: 1001510
Transformed cloud size: 1001510
Cropped cloud size: 356023
Point cloud associated with vertex <0,93>.
Submap pointer saved for vertex <0,93>.
Using previous submap for vertex <0,93>
Submap pointer saved for vertex <0,93>.
Vertex ID: <0,94>, Timestamp (nanoseconds): 1740102075885579264
Distance from last submap: 0.371431 m
Rotation from last submap: 304.427 degrees
Creating new submap at vertex <0,94>
Transformation Matrix:
  -0.678496    0.734552 -0.00871576      6.5558
  -0.731795   -0.676891  -0.0793436     19.8519
 -0.0641816  -0.0474561    0.996809    0.876437
          0           0           0           1
Original cloud size: 1001510
Transformed cloud size: 1001510
Cropped cloud size: 357288
Point cloud associated with vertex <0,94>.
Submap pointer saved for vertex <0,94>.
Using previous submap for vertex <0,94>
Submap pointer saved for vertex <0,94>.
Vertex ID: <0,95>, Timestamp (nanoseconds): 1740102076095271424
Distance from last submap: 0.419486 m
Rotation from last submap: 6.33956 degrees
Using previous submap for vertex <0,95>
Submap pointer saved for vertex <0,95>.
Vertex ID: <0,96>, Timestamp (nanoseconds): 1740102076304415232
Distance from last submap: 0.827899 m
Rotation from last submap: 5.7795 degrees
Using previous submap for vertex <0,96>
Submap pointer saved for vertex <0,96>.
Vertex ID: <0,97>, Timestamp (nanoseconds): 1740102076514459136
Distance from last submap: 1.23681 m
Rotation from last submap: 4.9197 degrees
Using previous submap for vertex <0,97>
Submap pointer saved for vertex <0,97>.
Vertex ID: <0,98>, Timestamp (nanoseconds): 1740102076724465152
Distance from last submap: 1.64639 m
Rotation from last submap: 3.45937 degrees
Creating new submap at vertex <0,98>
Transformation Matrix:
  -0.677112    0.735811  -0.0100331     4.87588
  -0.735584   -0.677164  -0.0191126     19.7885
 -0.0208573 -0.00556119    0.999767   -0.292317
          0           0           0           1
Original cloud size: 1001510
Transformed cloud size: 1001510
Cropped cloud size: 362461
Point cloud associated with vertex <0,98>.
Submap pointer saved for vertex <0,98>.
Using previous submap for vertex <0,98>
Submap pointer saved for vertex <0,98>.
Vertex ID: <0,99>, Timestamp (nanoseconds): 1740102076935263232
Distance from last submap: 0.420812 m
