[36m06:59:21.075 140245727649792 INFO [configure.cpp:47] [default] Logging to: example_log.txt
[0m[36m06:59:21.076 140245727649792 INFO [configure.cpp:49] [default] Enabled loggers: [test]
[0mPoint cloud loaded successfully.
Vertex ID: <0,0>, Timestamp (nanoseconds): 1740293421372431616
Creating new submap at vertex <0,0>
Transformation Matrix:
1 0 0 0
0 1 0 0
0 0 1 0
0 0 0 1
Original cloud size: 960349
Transformed cloud size: 960349
Cropped cloud size: 151795
Point cloud associated with vertex <0,0>.
Submap pointer saved for vertex <0,0>.
Using previous submap for vertex <0,0>
Submap pointer saved for vertex <0,0>.
Vertex ID: <0,1>, Timestamp (nanoseconds): 1740293421572914432
Distance from last submap: 0.000652676 m
Rotation from last submap: 0.00651539 degrees
Using previous submap for vertex <0,1>
Submap pointer saved for vertex <0,1>.
Vertex ID: <0,2>, Timestamp (nanoseconds): 1740293421779806464
Distance from last submap: 0.00320878 m
Rotation from last submap: 311.74 degrees
Creating new submap at vertex <0,2>
Transformation Matrix:
           1 -8.85066e-05 -0.000603528  -0.00303426
 8.83972e-05            1 -0.000181371   0.00104274
 0.000603544  0.000181318            1  4.67981e-05
           0            0            0            1
Original cloud size: 960349
Transformed cloud size: 960349
Cropped cloud size: 151798
Point cloud associated with vertex <0,2>.
Submap pointer saved for vertex <0,2>.
Using previous submap for vertex <0,2>
Submap pointer saved for vertex <0,2>.
Vertex ID: <0,3>, Timestamp (nanoseconds): 1740293421989830656
Distance from last submap: 0.0873106 m
Rotation from last submap: 311.616 degrees
Creating new submap at vertex <0,3>
Transformation Matrix:
    0.999999 -0.000294485   0.00113018   -0.0903004
 0.000297712     0.999996  -0.00285635   0.00330401
 -0.00112934   0.00285668     0.999995   0.00168966
           0            0            0            1
Original cloud size: 960349
Transformed cloud size: 960349
Cropped cloud size: 152116
Point cloud associated with vertex <0,3>.
Submap pointer saved for vertex <0,3>.
Using previous submap for vertex <0,3>
Submap pointer saved for vertex <0,3>.
Vertex ID: <0,4>, Timestamp (nanoseconds): 1740293422198372864
Distance from last submap: 0.23342 m
Rotation from last submap: 311.171 degrees
Creating new submap at vertex <0,4>
Transformation Matrix:
    0.999922   -0.0125134  0.000369541    -0.323735
   0.0125159     0.999891  -0.00788579   0.00199881
-0.000270822    0.0078898     0.999969   0.00471941
           0            0            0            1
Original cloud size: 960349
Transformed cloud size: 960349
Cropped cloud size: 152970
Point cloud associated with vertex <0,4>.
Submap pointer saved for vertex <0,4>.
Using previous submap for vertex <0,4>
Submap pointer saved for vertex <0,4>.
Vertex ID: <0,5>, Timestamp (nanoseconds): 1740293422399633920
Distance from last submap: 0.322268 m
Rotation from last submap: 311.395 degrees
Creating new submap at vertex <0,5>
Transformation Matrix:
   0.999931  -0.0106637 -0.00496237   -0.645976
  0.0106037    0.999872  -0.0119502  0.00587809
 0.00508917   0.0118968    0.999916 -0.00111532
          0           0           0           1
Original cloud size: 960349
Transformed cloud size: 960349
Cropped cloud size: 154081
Point cloud associated with vertex <0,5>.
Submap pointer saved for vertex <0,5>.
Using previous submap for vertex <0,5>
Submap pointer saved for vertex <0,5>.
Vertex ID: <0,6>, Timestamp (nanoseconds): 1740293422608523520
Distance from last submap: 0.415414 m
Rotation from last submap: 311.484 degrees
Creating new submap at vertex <0,6>
Transformation Matrix:
    0.99995 -0.00986425 -0.00134816    -1.06138
 0.00984111     0.99982  -0.0162131  0.00576282
 0.00150785    0.016199    0.999868  0.00059695
          0           0           0           1
Original cloud size: 960349
Transformed cloud size: 960349
Cropped cloud size: 155436
Point cloud associated with vertex <0,6>.
Submap pointer saved for vertex <0,6>.
Using previous submap for vertex <0,6>
Submap pointer saved for vertex <0,6>.
Vertex ID: <0,7>, Timestamp (nanoseconds): 1740293422817245696
Distance from last submap: 0.419834 m
Rotation from last submap: 310.974 degrees
Creating new submap at vertex <0,7>
Transformation Matrix:
    0.99985  -0.0111713  -0.0132611    -1.48114
  0.0108054    0.999567  -0.0273567 0.000965243
   0.013561   0.0272093    0.999538  -0.0106989
          0           0           0           1
Original cloud size: 960349
Transformed cloud size: 960349
Cropped cloud size: 156649
Point cloud associated with vertex <0,7>.
Submap pointer saved for vertex <0,7>.
Using previous submap for vertex <0,7>
Submap pointer saved for vertex <0,7>.
Vertex ID: <0,8>, Timestamp (nanoseconds): 1740293423025657856
Distance from last submap: 0.425648 m
Rotation from last submap: 310.761 degrees
Creating new submap at vertex <0,8>
Transformation Matrix:
   0.999254  -0.0128263  -0.0364379    -1.90608
   0.011595    0.999361  -0.0338028 -0.00183041
  0.0368482    0.033355    0.998764  -0.0518006
          0           0           0           1
Original cloud size: 960349
Transformed cloud size: 960349
Cropped cloud size: 157760
Point cloud associated with vertex <0,8>.
Submap pointer saved for vertex <0,8>.
Using previous submap for vertex <0,8>
Submap pointer saved for vertex <0,8>.
Vertex ID: <0,9>, Timestamp (nanoseconds): 1740293423235053824
Distance from last submap: 0.419994 m
Rotation from last submap: 311.07 degrees
Creating new submap at vertex <0,9>
Transformation Matrix:
    0.99878 -0.00989941  -0.0483824    -2.32529
 0.00798702    0.999185  -0.0395612  0.00409979
  0.0487346   0.0391265    0.998045  -0.0795016
          0           0           0           1
Original cloud size: 960349
Transformed cloud size: 960349
Cropped cloud size: 159012
Point cloud associated with vertex <0,9>.
Submap pointer saved for vertex <0,9>.
Using previous submap for vertex <0,9>
Submap pointer saved for vertex <0,9>.
Vertex ID: <0,10>, Timestamp (nanoseconds): 1740293423435251968
Distance from last submap: 0.398527 m
Rotation from last submap: 311.557 degrees
Creating new submap at vertex <0,10>
Transformation Matrix:
   0.998848 -0.00870244  -0.0471811    -2.72391
 0.00664918    0.999031  -0.0435023   0.0064759
  0.0475139   0.0431384    0.997939  -0.0779008
          0           0           0           1
Original cloud size: 960349
Transformed cloud size: 960349
Cropped cloud size: 160194
Point cloud associated with vertex <0,10>.
Submap pointer saved for vertex <0,10>.
Using previous submap for vertex <0,10>
Submap pointer saved for vertex <0,10>.
Vertex ID: <0,11>, Timestamp (nanoseconds): 1740293423636158720
Distance from last submap: 0.399241 m
Rotation from last submap: 0.233149 degrees
Using previous submap for vertex <0,11>
Submap pointer saved for vertex <0,11>.
Vertex ID: <0,12>, Timestamp (nanoseconds): 1740293423837888256
Distance from last submap: 0.798295 m
Rotation from last submap: 0.569216 degrees
Using previous submap for vertex <0,12>
Submap pointer saved for vertex <0,12>.
Vertex ID: <0,13>, Timestamp (nanoseconds): 1740293424038103040
Distance from last submap: 1.20109 m
Rotation from last submap: 1.37802 degrees
Using previous submap for vertex <0,13>
Submap pointer saved for vertex <0,13>.
Vertex ID: <0,14>, Timestamp (nanoseconds): 1740293424247503872
Distance from last submap: 1.61523 m
Rotation from last submap: 2.36184 degrees
Creating new submap at vertex <0,14>
Transformation Matrix:
   0.998338  -0.0052682  -0.0573914    -4.33804
 0.00507134    0.999981 -0.00357517   0.0269246
  0.0574091  0.00327818    0.998345   -0.121034
          0           0           0           1
Original cloud size: 960349
Transformed cloud size: 960349
Cropped cloud size: 164471
Point cloud associated with vertex <0,14>.
Submap pointer saved for vertex <0,14>.
Using previous submap for vertex <0,14>
Submap pointer saved for vertex <0,14>.
Vertex ID: <0,15>, Timestamp (nanoseconds): 1740293424447848448
Distance from last submap: 0.401163 m
Rotation from last submap: 0.482783 degrees
Using previous submap for vertex <0,15>
Submap pointer saved for vertex <0,15>.
Vertex ID: <0,16>, Timestamp (nanoseconds): 1740293424656569856
Distance from last submap: 0.822702 m
Rotation from last submap: 1.26967 degrees
Using previous submap for vertex <0,16>
Submap pointer saved for vertex <0,16>.
Vertex ID: <0,17>, Timestamp (nanoseconds): 1740293424865592320
Distance from last submap: 1.24435 m
Rotation from last submap: 1.83433 degrees
Using previous submap for vertex <0,17>
Submap pointer saved for vertex <0,17>.
Vertex ID: <0,18>, Timestamp (nanoseconds): 1740293425074995712
Distance from last submap: 1.66765 m
Rotation from last submap: 2.39613 degrees
Creating new submap at vertex <0,18>
Transformation Matrix:
  0.995493  -0.014506 -0.0937182   -5.99814
 0.0158675   0.999779  0.0137989 -0.0145724
 0.0934973 -0.0152238   0.995503  -0.311019
         0          0          0          1
Original cloud size: 960349
Transformed cloud size: 960349
Cropped cloud size: 169471
Point cloud associated with vertex <0,18>.
Submap pointer saved for vertex <0,18>.
Using previous submap for vertex <0,18>
Submap pointer saved for vertex <0,18>.
Vertex ID: <0,19>, Timestamp (nanoseconds): 1740293425285235456
Distance from last submap: 0.425967 m
Rotation from last submap: 310.843 degrees
Creating new submap at vertex <0,19>
Transformation Matrix:
  0.993003 -0.0176148  -0.116769   -6.41513
 0.0191389   0.999745   0.011944 -0.0351942
  0.116529 -0.0140952   0.993087  -0.458719
         0          0          0          1
Original cloud size: 960349
Transformed cloud size: 960349
Cropped cloud size: 170892
Point cloud associated with vertex <0,19>.
Submap pointer saved for vertex <0,19>.
Using previous submap for vertex <0,19>
Submap pointer saved for vertex <0,19>.
Vertex ID: <0,20>, Timestamp (nanoseconds): 1740293425494315008
Distance from last submap: 0.42709 m
Rotation from last submap: 310.955 degrees
Creating new submap at vertex <0,20>
Transformation Matrix:
   0.991048  -0.0160707   -0.132533    -6.83415
  0.0168676    0.999846  0.00489189  -0.0239756
   0.132434 -0.00708361    0.991166   -0.561892
          0           0           0           1
Original cloud size: 960349
Transformed cloud size: 960349
Cropped cloud size: 172284
Point cloud associated with vertex <0,20>.
Submap pointer saved for vertex <0,20>.
Using previous submap for vertex <0,20>
Submap pointer saved for vertex <0,20>.
Vertex ID: <0,21>, Timestamp (nanoseconds): 1740293425695109376
Distance from last submap: 0.405896 m
Rotation from last submap: 310.742 degrees
Creating new submap at vertex <0,21>
Transformation Matrix:
   0.98834 -0.0162547  -0.151391   -7.22801
 0.0153787   0.999858 -0.0069552 -0.0207808
  0.151482 0.00454591    0.98845  -0.700114
         0          0          0          1
Original cloud size: 960349
Transformed cloud size: 960349
Cropped cloud size: 173534
Point cloud associated with vertex <0,21>.
Submap pointer saved for vertex <0,21>.
Using previous submap for vertex <0,21>
Submap pointer saved for vertex <0,21>.
Vertex ID: <0,22>, Timestamp (nanoseconds): 1740293425904576768
Distance from last submap: 0.421673 m
Rotation from last submap: 311.597 degrees
Creating new submap at vertex <0,22>
Transformation Matrix:
   0.988722  -0.0166756   -0.148831    -7.65145
  0.0154806    0.999838 -0.00918449  -0.0228453
    0.14896  0.00677691     0.98882   -0.683597
          0           0           0           1
Original cloud size: 960349
Transformed cloud size: 960349
Cropped cloud size: 174731
Point cloud associated with vertex <0,22>.
Submap pointer saved for vertex <0,22>.
Using previous submap for vertex <0,22>
Submap pointer saved for vertex <0,22>.
Vertex ID: <0,23>, Timestamp (nanoseconds): 1740293426106277632
Distance from last submap: 0.396445 m
Rotation from last submap: 310.991 degrees
Creating new submap at vertex <0,23>
Transformation Matrix:
   0.990634  -0.0142901   -0.135795    -8.05628
  0.0121031    0.999784  -0.0169173 -0.00203956
   0.136007   0.0151153    0.990592   -0.581213
          0           0           0           1
Original cloud size: 960349
Transformed cloud size: 960349
Cropped cloud size: 175843
Point cloud associated with vertex <0,23>.
Submap pointer saved for vertex <0,23>.
Using previous submap for vertex <0,23>
Submap pointer saved for vertex <0,23>.
Vertex ID: <0,24>, Timestamp (nanoseconds): 1740293426306338560
Distance from last submap: 0.39361 m
Rotation from last submap: 310.788 degrees
Creating new submap at vertex <0,24>
Transformation Matrix:
   0.994014  -0.0146164   -0.108271    -8.46289
  0.0127161    0.999753  -0.0182213 -0.00784488
    0.10851   0.0167354    0.993954   -0.355878
          0           0           0           1
Original cloud size: 960349
Transformed cloud size: 960349
Cropped cloud size: 176972
Point cloud associated with vertex <0,24>.
Submap pointer saved for vertex <0,24>.
Using previous submap for vertex <0,24>
Submap pointer saved for vertex <0,24>.
Vertex ID: <0,25>, Timestamp (nanoseconds): 1740293426506497280
Distance from last submap: 0.388569 m
Rotation from last submap: 2.16585 degrees
Using previous submap for vertex <0,25>
Submap pointer saved for vertex <0,25>.
Vertex ID: <0,26>, Timestamp (nanoseconds): 1740293426706778624
Distance from last submap: 0.777861 m
Rotation from last submap: 3.79466 degrees
Using previous submap for vertex <0,26>
Submap pointer saved for vertex <0,26>.
Vertex ID: <0,27>, Timestamp (nanoseconds): 1740293426907138816
Distance from last submap: 1.1725 m
Rotation from last submap: 4.85051 degrees
Using previous submap for vertex <0,27>
Submap pointer saved for vertex <0,27>.
Vertex ID: <0,28>, Timestamp (nanoseconds): 1740293427107451136
Distance from last submap: 1.56941 m
Rotation from last submap: 4.97922 degrees
Creating new submap at vertex <0,28>
Transformation Matrix:
   0.999617  -0.0155386  -0.0228933    -10.0309
  0.0154671    0.999875 -0.00329589  -0.0204043
  0.0229416  0.00294053    0.999732    0.419809
          0           0           0           1
Original cloud size: 960349
Transformed cloud size: 960349
Cropped cloud size: 181787
Point cloud associated with vertex <0,28>.
Submap pointer saved for vertex <0,28>.
Using previous submap for vertex <0,28>
Submap pointer saved for vertex <0,28>.
Vertex ID: <0,29>, Timestamp (nanoseconds): 1740293427316311808
Distance from last submap: 0.419137 m
Rotation from last submap: 0.428641 degrees
Using previous submap for vertex <0,29>
Submap pointer saved for vertex <0,29>.
Vertex ID: <0,30>, Timestamp (nanoseconds): 1740293427516763136
Distance from last submap: 0.818552 m
Rotation from last submap: 0.882489 degrees
Using previous submap for vertex <0,30>
Submap pointer saved for vertex <0,30>.
Vertex ID: <0,31>, Timestamp (nanoseconds): 1740293427725766912
Distance from last submap: 1.24008 m
Rotation from last submap: 1.53179 degrees
Using previous submap for vertex <0,31>
Submap pointer saved for vertex <0,31>.
Vertex ID: <0,32>, Timestamp (nanoseconds): 1740293427926485504
Distance from last submap: 1.64039 m
Rotation from last submap: 2.08283 degrees
Creating new submap at vertex <0,32>
Transformation Matrix:
  0.998604 -0.0163483 -0.0502251   -11.6788
 0.0173992   0.999637  0.0205584 -0.0167466
 0.0498708 -0.0214036   0.998526   0.119879
         0          0          0          1
Original cloud size: 960349
Transformed cloud size: 960349
Cropped cloud size: 185967
Point cloud associated with vertex <0,32>.
Submap pointer saved for vertex <0,32>.
Using previous submap for vertex <0,32>
Submap pointer saved for vertex <0,32>.
Vertex ID: <0,33>, Timestamp (nanoseconds): 1740293428135651072
Distance from last submap: 0.420811 m
Rotation from last submap: 0.503827 degrees
Using previous submap for vertex <0,33>
Submap pointer saved for vertex <0,33>.
Vertex ID: <0,34>, Timestamp (nanoseconds): 1740293428345504000
Distance from last submap: 0.843103 m
Rotation from last submap: 1.25504 degrees
Using previous submap for vertex <0,34>
Submap pointer saved for vertex <0,34>.
Vertex ID: <0,35>, Timestamp (nanoseconds): 1740293428547248896
Distance from last submap: 1.24517 m
Rotation from last submap: 1.65267 degrees
Using previous submap for vertex <0,35>
Submap pointer saved for vertex <0,35>.
Vertex ID: <0,36>, Timestamp (nanoseconds): 1740293428747895808
Distance from last submap: 1.64856 m
Rotation from last submap: 2.09253 degrees
Creating new submap at vertex <0,36>
Transformation Matrix:
  0.996197 -0.0173352 -0.0853914    -13.324
 0.0199501   0.999355  0.0298654 -0.0352903
 0.0848186 -0.0314553     0.9959  -0.318341
         0          0          0          1
Original cloud size: 960349
Transformed cloud size: 960349
Cropped cloud size: 190647
Point cloud associated with vertex <0,36>.
Submap pointer saved for vertex <0,36>.
Using previous submap for vertex <0,36>
Submap pointer saved for vertex <0,36>.
Vertex ID: <0,37>, Timestamp (nanoseconds): 1740293428957883904
Distance from last submap: 0.424291 m
Rotation from last submap: 310.73 degrees
Creating new submap at vertex <0,37>
Transformation Matrix:
  0.994233 -0.0187011  -0.105601    -13.739
 0.0209624   0.999573  0.0203453 -0.0585511
  0.105175 -0.0224416     0.9942  -0.591563
         0          0          0          1
Original cloud size: 960349
Transformed cloud size: 960349
Cropped cloud size: 192035
Point cloud associated with vertex <0,37>.
Submap pointer saved for vertex <0,37>.
Using previous submap for vertex <0,37>
Submap pointer saved for vertex <0,37>.
Vertex ID: <0,38>, Timestamp (nanoseconds): 1740293429157963776
Distance from last submap: 0.40354 m
Rotation from last submap: 310.666 degrees
Creating new submap at vertex <0,38>
Transformation Matrix:
  0.991796 -0.0241104  -0.125536   -14.1274
 0.0258215   0.999594  0.0120207  -0.134464
  0.125196 -0.0151636   0.992016   -0.87506
         0          0          0          1
Original cloud size: 960349
Transformed cloud size: 960349
Cropped cloud size: 193484
Point cloud associated with vertex <0,38>.
Submap pointer saved for vertex <0,38>.
Using previous submap for vertex <0,38>
Submap pointer saved for vertex <0,38>.
Vertex ID: <0,39>, Timestamp (nanoseconds): 1740293429358856960
Distance from last submap: 0.39629 m
Rotation from last submap: 311.416 degrees
Creating new submap at vertex <0,39>
Transformation Matrix:
  0.991848 -0.0225523  -0.125411   -14.5238
 0.0231477   0.999727 0.00329225  -0.104956
  0.125303 -0.0061684   0.992099  -0.882972
         0          0          0          1
Original cloud size: 960349
Transformed cloud size: 960349
Cropped cloud size: 195188
Point cloud associated with vertex <0,39>.
Submap pointer saved for vertex <0,39>.
Using previous submap for vertex <0,39>
Submap pointer saved for vertex <0,39>.
Vertex ID: <0,40>, Timestamp (nanoseconds): 1740293429567065344
Distance from last submap: 0.412326 m
Rotation from last submap: 310.081 degrees
Creating new submap at vertex <0,40>
Transformation Matrix:
   0.996104   -0.018005  -0.0863339    -14.9599
  0.0177583    0.999836 -0.00362483  -0.0330386
   0.086385  0.00207756     0.99626   -0.305276
          0           0           0           1
Original cloud size: 960349
Transformed cloud size: 960349
Cropped cloud size: 196517
Point cloud associated with vertex <0,40>.
Submap pointer saved for vertex <0,40>.
Using previous submap for vertex <0,40>
Submap pointer saved for vertex <0,40>.
Vertex ID: <0,41>, Timestamp (nanoseconds): 1740293429767579648
Distance from last submap: 0.399074 m
Rotation from last submap: 0.432254 degrees
Using previous submap for vertex <0,41>
Submap pointer saved for vertex <0,41>.
Vertex ID: <0,42>, Timestamp (nanoseconds): 1740293429976962304
Distance from last submap: 0.818787 m
Rotation from last submap: 0.20538 degrees
Using previous submap for vertex <0,42>
Submap pointer saved for vertex <0,42>.
Vertex ID: <0,43>, Timestamp (nanoseconds): 1740293430176968192
Distance from last submap: 1.21745 m
Rotation from last submap: 0.403912 degrees
Using previous submap for vertex <0,43>
Submap pointer saved for vertex <0,43>.
Vertex ID: <0,44>, Timestamp (nanoseconds): 1740293430377207040
Distance from last submap: 1.6153 m
Rotation from last submap: 0.408384 degrees
Creating new submap at vertex <0,44>
Transformation Matrix:
   0.996538  -0.0171566  -0.0813431    -16.5766
    0.01733    0.999849  0.00142531  -0.0183657
  0.0813064 -0.00283005    0.996685   -0.224203
          0           0           0           1
Original cloud size: 960349
Transformed cloud size: 960349
Cropped cloud size: 201886
Point cloud associated with vertex <0,44>.
Submap pointer saved for vertex <0,44>.
Using previous submap for vertex <0,44>
Submap pointer saved for vertex <0,44>.
Vertex ID: <0,45>, Timestamp (nanoseconds): 1740293430578668032
Distance from last submap: 0.401095 m
Rotation from last submap: 311.621 degrees
Creating new submap at vertex <0,45>
Transformation Matrix:
   0.996326  -0.0180824   -0.083706     -16.977
  0.0181605    0.999835 0.000171491  -0.0339688
  0.0836891   -0.001691     0.99649   -0.267028
          0           0           0           1
Original cloud size: 960349
Transformed cloud size: 960349
Cropped cloud size: 203359
Point cloud associated with vertex <0,45>.
Submap pointer saved for vertex <0,45>.
Using previous submap for vertex <0,45>
Submap pointer saved for vertex <0,45>.
Vertex ID: <0,46>, Timestamp (nanoseconds): 1740293430780014080
Distance from last submap: 0.397224 m
Rotation from last submap: 311.394 degrees
Creating new submap at vertex <0,46>
Transformation Matrix:
  0.996839 -0.0178823 -0.0774064   -17.3756
 0.0175752   0.999835 -0.0046464 -0.0306186
 0.0774767 0.00327128   0.996989   -0.15819
         0          0          0          1
Original cloud size: 960349
Transformed cloud size: 960349
Cropped cloud size: 204893
Point cloud associated with vertex <0,46>.
Submap pointer saved for vertex <0,46>.
Using previous submap for vertex <0,46>
Submap pointer saved for vertex <0,46>.
Vertex ID: <0,47>, Timestamp (nanoseconds): 1740293430981751552
Distance from last submap: 0.400473 m
Rotation from last submap: 311.502 degrees
Creating new submap at vertex <0,47>
Transformation Matrix:
    0.99662  -0.0193441  -0.0798394    -17.7756
  0.0186915    0.999786 -0.00891323  -0.0563332
  0.0799947  0.00739078    0.996768   -0.197846
          0           0           0           1
Original cloud size: 960349
Transformed cloud size: 960349
Cropped cloud size: 206444
Point cloud associated with vertex <0,47>.
Submap pointer saved for vertex <0,47>.
Using previous submap for vertex <0,47>
Submap pointer saved for vertex <0,47>.
Vertex ID: <0,48>, Timestamp (nanoseconds): 1740293431191656448
Distance from last submap: 0.422289 m
Rotation from last submap: 311.203 degrees
Creating new submap at vertex <0,48>
Transformation Matrix:
  0.995643 -0.0170441 -0.0916812   -18.1943
 0.0160551   0.999805  -0.011514 -0.0126252
 0.0918595 0.00999186   0.995722  -0.412967
         0          0          0          1
Original cloud size: 960349
Transformed cloud size: 960349
Cropped cloud size: 208233
Point cloud associated with vertex <0,48>.
Submap pointer saved for vertex <0,48>.
Using previous submap for vertex <0,48>
Submap pointer saved for vertex <0,48>.
Vertex ID: <0,49>, Timestamp (nanoseconds): 1740293431401953792
Distance from last submap: 0.41835 m
Rotation from last submap: 311.659 degrees
Creating new submap at vertex <0,49>
Transformation Matrix:
   0.995732  -0.0164792  -0.0908131     -18.613
  0.0153294    0.999793  -0.0133438 -0.00223038
  0.0910142   0.0118948    0.995779   -0.397895
          0           0           0           1
Original cloud size: 960349
Transformed cloud size: 960349
Cropped cloud size: 209785
Point cloud associated with vertex <0,49>.
Submap pointer saved for vertex <0,49>.
Using previous submap for vertex <0,49>
Submap pointer saved for vertex <0,49>.
Vertex ID: <0,50>, Timestamp (nanoseconds): 1740293431610870016
Distance from last submap: 0.422129 m
Rotation from last submap: 0.292324 degrees
Using previous submap for vertex <0,50>
Submap pointer saved for vertex <0,50>.
Vertex ID: <0,51>, Timestamp (nanoseconds): 1740293431820257792
Distance from last submap: 0.844129 m
Rotation from last submap: 0.761899 degrees
Using previous submap for vertex <0,51>
Submap pointer saved for vertex <0,51>.
Vertex ID: <0,52>, Timestamp (nanoseconds): 1740293432020633600
Distance from last submap: 1.24465 m
Rotation from last submap: 0.908029 degrees
Using previous submap for vertex <0,52>
Submap pointer saved for vertex <0,52>.
Vertex ID: <0,53>, Timestamp (nanoseconds): 1740293432220677376
Distance from last submap: 1.6403 m
Rotation from last submap: 0.729289 degrees
Creating new submap at vertex <0,53>
Transformation Matrix:
     0.99532   -0.0173258   -0.0950664     -20.2514
     0.01726      0.99985  -0.00151433   -0.0200012
   0.0950784 -0.000133608      0.99547    -0.472652
           0            0            0            1
Original cloud size: 960349
Transformed cloud size: 960349
Cropped cloud size: 215744
Point cloud associated with vertex <0,53>.
Submap pointer saved for vertex <0,53>.
Using previous submap for vertex <0,53>
Submap pointer saved for vertex <0,53>.
Vertex ID: <0,54>, Timestamp (nanoseconds): 1740293432429954816
Distance from last submap: 0.420361 m
Rotation from last submap: 0.163235 degrees
Using previous submap for vertex <0,54>
Submap pointer saved for vertex <0,54>.
Vertex ID: <0,55>, Timestamp (nanoseconds): 1740293432631088896
Distance from last submap: 0.820511 m
Rotation from last submap: 0.193953 degrees
Using previous submap for vertex <0,55>
Submap pointer saved for vertex <0,55>.
Vertex ID: <0,56>, Timestamp (nanoseconds): 1740293432840793344
Distance from last submap: 1.23942 m
Rotation from last submap: 0.300329 degrees
Using previous submap for vertex <0,56>
Submap pointer saved for vertex <0,56>.
Vertex ID: <0,57>, Timestamp (nanoseconds): 1740293433050452736
Distance from last submap: 1.65939 m
Rotation from last submap: 0.597754 degrees
Creating new submap at vertex <0,57>
Transformation Matrix:
   0.995665   -0.016568  -0.0915266    -21.9124
  0.0173993    0.999814  0.00829241 -0.00373206
  0.0913722 -0.00984897    0.995768   -0.395642
          0           0           0           1
Original cloud size: 960349
Transformed cloud size: 960349
Cropped cloud size: 220631
Point cloud associated with vertex <0,57>.
Submap pointer saved for vertex <0,57>.
Using previous submap for vertex <0,57>
Submap pointer saved for vertex <0,57>.
Vertex ID: <0,58>, Timestamp (nanoseconds): 1740293433250468608
Distance from last submap: 0.39915 m
Rotation from last submap: 0.0861752 degrees
Using previous submap for vertex <0,58>
Submap pointer saved for vertex <0,58>.
Vertex ID: <0,59>, Timestamp (nanoseconds): 1740293433450805760
Distance from last submap: 0.799182 m
Rotation from last submap: 0.319187 degrees
Using previous submap for vertex <0,59>
Submap pointer saved for vertex <0,59>.
Vertex ID: <0,60>, Timestamp (nanoseconds): 1740293433652118784
Distance from last submap: 1.19712 m
Rotation from last submap: 0.514624 degrees
Using previous submap for vertex <0,60>
Submap pointer saved for vertex <0,60>.
Vertex ID: <0,61>, Timestamp (nanoseconds): 1740293433857638400
Distance from last submap: 1.5974 m
Rotation from last submap: 0.610827 degrees
Creating new submap at vertex <0,61>
Transformation Matrix:
   0.996102  -0.0167358  -0.0866099    -23.5114
  0.0183343    0.999675   0.0176935 -0.00461834
  0.0862857  -0.0192125    0.996085     -0.2822
          0           0           0           1
Original cloud size: 960349
Transformed cloud size: 960349
Cropped cloud size: 224674
Point cloud associated with vertex <0,61>.
Submap pointer saved for vertex <0,61>.
Using previous submap for vertex <0,61>
Submap pointer saved for vertex <0,61>.
Vertex ID: <0,62>, Timestamp (nanoseconds): 1740293434067754752
Distance from last submap: 0.421668 m
Rotation from last submap: 0.384638 degrees
Using previous submap for vertex <0,62>
Submap pointer saved for vertex <0,62>.
Vertex ID: <0,63>, Timestamp (nanoseconds): 1740293434277696512
Distance from last submap: 0.842138 m
Rotation from last submap: 0.908707 degrees
Using previous submap for vertex <0,63>
Submap pointer saved for vertex <0,63>.
Vertex ID: <0,64>, Timestamp (nanoseconds): 1740293434487526912
Distance from last submap: 1.26357 m
Rotation from last submap: 1.42242 degrees
Using previous submap for vertex <0,64>
Submap pointer saved for vertex <0,64>.
Vertex ID: <0,65>, Timestamp (nanoseconds): 1740293434695672832
Distance from last submap: 1.68372 m
Rotation from last submap: 1.8595 degrees
Creating new submap at vertex <0,65>
Transformation Matrix:
   0.99472 -0.0154003  -0.101461   -25.1882
 0.0201975   0.998718  0.0464252  0.0112971
  0.100616 -0.0482294   0.993756  -0.646326
         0          0          0          1
Original cloud size: 960349
Transformed cloud size: 960349
Cropped cloud size: 227869
Point cloud associated with vertex <0,65>.
Submap pointer saved for vertex <0,65>.
Using previous submap for vertex <0,65>
Submap pointer saved for vertex <0,65>.
Vertex ID: <0,66>, Timestamp (nanoseconds): 1740293434905207552
Distance from last submap: 0.419248 m
Rotation from last submap: 0.610841 degrees
Using previous submap for vertex <0,66>
Submap pointer saved for vertex <0,66>.
Vertex ID: <0,67>, Timestamp (nanoseconds): 1740293435115061248
Distance from last submap: 0.836357 m
Rotation from last submap: 0.996534 degrees
Using previous submap for vertex <0,67>
Submap pointer saved for vertex <0,67>.
Vertex ID: <0,68>, Timestamp (nanoseconds): 1740293435325702144
Distance from last submap: 1.25134 m
Rotation from last submap: 1.96678 degrees
Using previous submap for vertex <0,68>
Submap pointer saved for vertex <0,68>.
Vertex ID: <0,69>, Timestamp (nanoseconds): 1740293435534807040
Distance from last submap: 1.66521 m
Rotation from last submap: 2.51386 degrees
Creating new submap at vertex <0,69>
Transformation Matrix:
  0.997922 -0.0218918 -0.0605997    -26.858
  0.025554   0.997851  0.0603321 -0.0905575
 0.0591487 -0.0617553   0.996337   0.435358
         0          0          0          1
Original cloud size: 960349
Transformed cloud size: 960349
Cropped cloud size: 229959
Point cloud associated with vertex <0,69>.
Submap pointer saved for vertex <0,69>.
Using previous submap for vertex <0,69>
Submap pointer saved for vertex <0,69>.
Vertex ID: <0,70>, Timestamp (nanoseconds): 1740293435744359424
Distance from last submap: 0.41842 m
Rotation from last submap: 311.662 degrees
Creating new submap at vertex <0,70>
Transformation Matrix:
  0.998102 -0.0218585 -0.0575786    -27.275
 0.0253334   0.997857  0.0603299 -0.0842239
 0.0561365 -0.0616741   0.996516    0.51526
         0          0          0          1
Original cloud size: 960349
Transformed cloud size: 960349
Cropped cloud size: 230468
Point cloud associated with vertex <0,70>.
Submap pointer saved for vertex <0,70>.
Using previous submap for vertex <0,70>
Submap pointer saved for vertex <0,70>.
Vertex ID: <0,71>, Timestamp (nanoseconds): 1740293435944398080
Distance from last submap: 0.396751 m
Rotation from last submap: 311.343 degrees
Creating new submap at vertex <0,71>
Transformation Matrix:
  0.998606 -0.0215151 -0.0482014   -27.6658
 0.0242893   0.998037  0.0577293 -0.0613403
 0.0468647 -0.0588195   0.997168   0.771081
         0          0          0          1
Original cloud size: 960349
Transformed cloud size: 960349
Cropped cloud size: 230820
Point cloud associated with vertex <0,71>.
Submap pointer saved for vertex <0,71>.
Using previous submap for vertex <0,71>
Submap pointer saved for vertex <0,71>.
Vertex ID: <0,72>, Timestamp (nanoseconds): 1740293436145902848
Distance from last submap: 0.400655 m
Rotation from last submap: 311.106 degrees
Creating new submap at vertex <0,72>
Transformation Matrix:
   0.99834 -0.0261959 -0.0512839   -28.0678
 0.0285206   0.998574  0.0451356  -0.207896
 0.0500284 -0.0465234   0.997664   0.695762
         0          0          0          1
Original cloud size: 960349
Transformed cloud size: 960349
Cropped cloud size: 231128
Point cloud associated with vertex <0,72>.
Submap pointer saved for vertex <0,72>.
Using previous submap for vertex <0,72>
Submap pointer saved for vertex <0,72>.
Vertex ID: <0,73>, Timestamp (nanoseconds): 1740293436347433728
Distance from last submap: 0.405706 m
Rotation from last submap: 310.993 degrees
Creating new submap at vertex <0,73>
Transformation Matrix:
  0.997139 -0.0253121 -0.0712217   -28.4818
  0.028327   0.998731  0.0416436  -0.208828
 0.0700772  -0.043542   0.996591   0.134775
         0          0          0          1
Original cloud size: 960349
Transformed cloud size: 960349
Cropped cloud size: 231248
Point cloud associated with vertex <0,73>.
Submap pointer saved for vertex <0,73>.
Using previous submap for vertex <0,73>
Submap pointer saved for vertex <0,73>.
Vertex ID: <0,74>, Timestamp (nanoseconds): 1740293436549243904
Distance from last submap: 0.406862 m
Rotation from last submap: 310.237 degrees
Creating new submap at vertex <0,74>
Transformation Matrix:
  0.994687  -0.019771  -0.101027   -28.8804
 0.0229511   0.999274  0.0304136 -0.0803843
  0.100353 -0.0325707   0.994419  -0.730399
         0          0          0          1
Original cloud size: 960349
Transformed cloud size: 960349
Cropped cloud size: 231131
Point cloud associated with vertex <0,74>.
Submap pointer saved for vertex <0,74>.
Using previous submap for vertex <0,74>
Submap pointer saved for vertex <0,74>.
Vertex ID: <0,75>, Timestamp (nanoseconds): 1740293436749486080
Distance from last submap: 0.405311 m
Rotation from last submap: 310.842 degrees
Creating new submap at vertex <0,75>
Transformation Matrix:
   0.99301 -0.0205941  -0.116216    -29.271
 0.0229206   0.999562  0.0187175  -0.108716
  0.115779 -0.0212504   0.993048   -1.17512
         0          0          0          1
Original cloud size: 960349
Transformed cloud size: 960349
Cropped cloud size: 231151
Point cloud associated with vertex <0,75>.
Submap pointer saved for vertex <0,75>.
Using previous submap for vertex <0,75>
Submap pointer saved for vertex <0,75>.
Vertex ID: <0,76>, Timestamp (nanoseconds): 1740293436950411520
Distance from last submap: 0.402398 m
Rotation from last submap: 311.224 degrees
Creating new submap at vertex <0,76>
Transformation Matrix:
  0.991969 -0.0191938  -0.125019   -29.6619
 0.0209286   0.999702  0.0125778 -0.0653324
   0.12474 -0.0150932   0.992075   -1.43735
         0          0          0          1
Original cloud size: 960349
Transformed cloud size: 960349
Cropped cloud size: 230937
Point cloud associated with vertex <0,76>.
Submap pointer saved for vertex <0,76>.
Using previous submap for vertex <0,76>
Submap pointer saved for vertex <0,76>.
Vertex ID: <0,77>, Timestamp (nanoseconds): 1740293437159444480
Distance from last submap: 0.425207 m
Rotation from last submap: 311.318 degrees
Creating new submap at vertex <0,77>
Transformation Matrix:
  0.990806 -0.0191521  -0.133931    -30.073
 0.0204077    0.99976  0.0080087 -0.0613143
  0.133746 -0.0106683   0.990958   -1.70526
         0          0          0          1
Original cloud size: 960349
Transformed cloud size: 960349
Cropped cloud size: 230676
Point cloud associated with vertex <0,77>.
Submap pointer saved for vertex <0,77>.
Using previous submap for vertex <0,77>
Submap pointer saved for vertex <0,77>.
Vertex ID: <0,78>, Timestamp (nanoseconds): 1740293437368665856
Distance from last submap: 0.425501 m
Rotation from last submap: 310.773 degrees
Creating new submap at vertex <0,78>
Transformation Matrix:
   0.988226  -0.0180986   -0.151925    -30.4626
  0.0179055    0.999836 -0.00263902  -0.0131618
   0.151948 -0.00011235    0.988389    -2.25564
          0           0           0           1
Original cloud size: 960349
Transformed cloud size: 960349
Cropped cloud size: 230203
Point cloud associated with vertex <0,78>.
Submap pointer saved for vertex <0,78>.
Using previous submap for vertex <0,78>
Submap pointer saved for vertex <0,78>.
Vertex ID: <0,79>, Timestamp (nanoseconds): 1740293437570304256
Distance from last submap: 0.40443 m
Rotation from last submap: 310.835 degrees
Creating new submap at vertex <0,79>
Transformation Matrix:
  0.985722 -0.0223166  -0.166893   -30.8289
 0.0205742   0.999714 -0.0121624  -0.120068
  0.167117 0.00855504     0.9859   -2.72295
         0          0          0          1
Original cloud size: 960349
Transformed cloud size: 960349
Cropped cloud size: 229980
Point cloud associated with vertex <0,79>.
Submap pointer saved for vertex <0,79>.
Using previous submap for vertex <0,79>
Submap pointer saved for vertex <0,79>.
Vertex ID: <0,80>, Timestamp (nanoseconds): 1740293437780054528
Distance from last submap: 0.420201 m
Rotation from last submap: 311.428 degrees
Creating new submap at vertex <0,80>
Transformation Matrix:
  0.986666 -0.0200247  -0.161521   -31.2637
 0.0179374   0.999736 -0.0143708  -0.043344
  0.161766  0.0112819   0.986765   -2.56042
         0          0          0          1
Original cloud size: 960349
Transformed cloud size: 960349
Cropped cloud size: 229595
Point cloud associated with vertex <0,80>.
Submap pointer saved for vertex <0,80>.
Using previous submap for vertex <0,80>
Submap pointer saved for vertex <0,80>.
Vertex ID: <0,81>, Timestamp (nanoseconds): 1740293437989626880
Distance from last submap: 0.413766 m
Rotation from last submap: 310.68 degrees
Creating new submap at vertex <0,81>
Transformation Matrix:
  0.990232 -0.0154992  -0.138566   -31.7284
 0.0129531   0.999731 -0.0192571   0.100774
  0.138827  0.0172741   0.990166    -1.8263
         0          0          0          1
Original cloud size: 960349
Transformed cloud size: 960349
Cropped cloud size: 229053
Point cloud associated with vertex <0,81>.
Submap pointer saved for vertex <0,81>.
Using previous submap for vertex <0,81>
Submap pointer saved for vertex <0,81>.
Vertex ID: <0,82>, Timestamp (nanoseconds): 1740293438199635456
Distance from last submap: 0.416624 m
Rotation from last submap: 0.825434 degrees
Using previous submap for vertex <0,82>
Submap pointer saved for vertex <0,82>.
Vertex ID: <0,83>, Timestamp (nanoseconds): 1740293438400815104
Distance from last submap: 0.813243 m
Rotation from last submap: 1.55504 degrees
Using previous submap for vertex <0,83>
Submap pointer saved for vertex <0,83>.
Vertex ID: <0,84>, Timestamp (nanoseconds): 1740293438601083904
Distance from last submap: 1.21249 m
Rotation from last submap: 1.93305 degrees
Using previous submap for vertex <0,84>
Submap pointer saved for vertex <0,84>.
Vertex ID: <0,85>, Timestamp (nanoseconds): 1740293438802623488
Distance from last submap: 1.61118 m
Rotation from last submap: 2.38687 degrees
Creating new submap at vertex <0,85>
Transformation Matrix:
   0.994182  -0.0113035   -0.107114    -33.3809
  0.0121943    0.999896  0.00766495     0.20885
   0.107016 -0.00892654    0.994217   -0.804474
          0           0           0           1
Original cloud size: 960349
Transformed cloud size: 960349
Cropped cloud size: 227152
Point cloud associated with vertex <0,85>.
Submap pointer saved for vertex <0,85>.
Using previous submap for vertex <0,85>
Submap pointer saved for vertex <0,85>.
Vertex ID: <0,86>, Timestamp (nanoseconds): 1740293439005048064
Distance from last submap: 0.396541 m
Rotation from last submap: 0.694076 degrees
Using previous submap for vertex <0,86>
Submap pointer saved for vertex <0,86>.
Vertex ID: <0,87>, Timestamp (nanoseconds): 1740293439205683712
Distance from last submap: 0.79523 m
Rotation from last submap: 1.48501 degrees
