[36m23:37:45.762 140107737174016 INFO [configure.cpp:47] [default] Logging to: example_log.txt
[0m[36m23:37:45.762 140107737174016 INFO [configure.cpp:49] [default] Enabled loggers: [test]
[0mPoint cloud loaded successfully.
Vertex ID: <0,0>, Timestamp (nanoseconds): 1739489709329883392
Creating new submap at vertex <0,0>
Transformation Matrix:
1 0 0 0
0 1 0 0
0 0 1 0
0 0 0 1
Original cloud size: 105430
Transformed cloud size: 105430
Cropped cloud size: 28497
Point cloud associated with vertex <0,0>.
Submap pointer saved for vertex <0,0>.
Using previous submap for vertex <0,0>
Submap pointer saved for vertex <0,0>.
Vertex ID: <0,1>, Timestamp (nanoseconds): 1739489709529995264
Distance from last submap: 4.74126e-05 m
Rotation from last submap: 311.769 degrees
Creating new submap at vertex <0,1>
Transformation Matrix:
           1 -2.85189e-07 -1.65402e-06  4.74023e-05
 2.85185e-07            1  -2.2721e-06  3.34533e-08
 1.65402e-06   2.2721e-06            1 -9.89403e-07
           0            0            0            1
Original cloud size: 105430
Transformed cloud size: 105430
Cropped cloud size: 28497
Point cloud associated with vertex <0,1>.
Submap pointer saved for vertex <0,1>.
Using previous submap for vertex <0,1>
Submap pointer saved for vertex <0,1>.
Vertex ID: <0,2>, Timestamp (nanoseconds): 1739489709730754048
Distance from last submap: 4.73996e-05 m
Rotation from last submap: 311.769 degrees
Creating new submap at vertex <0,2>
Transformation Matrix:
           1 -5.46506e-07 -3.30147e-06  9.47915e-05
 5.46491e-07            1 -4.54426e-06  5.58339e-08
 3.30147e-06  4.54426e-06            1 -1.98002e-06
           0            0            0            1
Original cloud size: 105430
Transformed cloud size: 105430
Cropped cloud size: 28497
Point cloud associated with vertex <0,2>.
Submap pointer saved for vertex <0,2>.
Using previous submap for vertex <0,2>
Submap pointer saved for vertex <0,2>.
Vertex ID: <0,3>, Timestamp (nanoseconds): 1739489709940781056
Distance from last submap: 4.97562e-05 m
Rotation from last submap: 311.769 degrees
Creating new submap at vertex <0,3>
Transformation Matrix:
           1 -7.96048e-07 -5.02447e-06  0.000144537
 7.96013e-07            1 -6.93012e-06  6.78063e-08
 5.02448e-06  6.93012e-06            1 -3.02142e-06
           0            0            0            1
Original cloud size: 105430
Transformed cloud size: 105430
Cropped cloud size: 28497
Point cloud associated with vertex <0,3>.
Submap pointer saved for vertex <0,3>.
Using previous submap for vertex <0,3>
Submap pointer saved for vertex <0,3>.
Vertex ID: <0,4>, Timestamp (nanoseconds): 1739489710140927232
Distance from last submap: 4.73748e-05 m
Rotation from last submap: 311.769 degrees
Creating new submap at vertex <0,4>
Transformation Matrix:
           1 -1.01084e-06 -6.65903e-06  0.000191901
 1.01077e-06            1 -9.20247e-06  6.85873e-08
 6.65904e-06  9.20246e-06            1  -4.0144e-06
           0            0            0            1
Original cloud size: 105430
Transformed cloud size: 105430
Cropped cloud size: 28497
Point cloud associated with vertex <0,4>.
Submap pointer saved for vertex <0,4>.
Using previous submap for vertex <0,4>
Submap pointer saved for vertex <0,4>.
Vertex ID: <0,5>, Timestamp (nanoseconds): 1739489710351709696
Distance from last submap: 4.9732e-05 m
Rotation from last submap: 311.769 degrees
Creating new submap at vertex <0,5>
Transformation Matrix:
           1 -1.21317e-06 -8.36856e-06  0.000241622
 1.21308e-06            1 -1.15885e-05  5.86228e-08
 8.36858e-06  1.15885e-05            1 -5.05821e-06
           0            0            0            1
Original cloud size: 105430
Transformed cloud size: 105430
Cropped cloud size: 28497
Point cloud associated with vertex <0,5>.
Submap pointer saved for vertex <0,5>.
Using previous submap for vertex <0,5>
Submap pointer saved for vertex <0,5>.
Vertex ID: <0,6>, Timestamp (nanoseconds): 1739489710561351168
Distance from last submap: 4.97206e-05 m
Rotation from last submap: 311.769 degrees
Creating new submap at vertex <0,6>
Transformation Matrix:
           1 -1.39252e-06 -1.00718e-05  0.000291332
 1.39238e-06            1 -1.39748e-05  3.79777e-08
 1.00718e-05  1.39747e-05            1 -6.10319e-06
           0            0            0            1
Original cloud size: 105430
Transformed cloud size: 105430
Cropped cloud size: 28497
Point cloud associated with vertex <0,6>.
Submap pointer saved for vertex <0,6>.
Using previous submap for vertex <0,6>
Submap pointer saved for vertex <0,6>.
Vertex ID: <0,7>, Timestamp (nanoseconds): 1739489710761693696
Distance from last submap: 4.7343e-05 m
Rotation from last submap: 311.769 degrees
Creating new submap at vertex <0,7>
Transformation Matrix:
           1 -1.54268e-06 -1.16883e-05  0.000338664
 1.54249e-06            1 -1.62475e-05  8.71571e-09
 1.16883e-05  1.62475e-05            1 -7.09947e-06
           0            0            0            1
Original cloud size: 105430
Transformed cloud size: 105430
Cropped cloud size: 28497
Point cloud associated with vertex <0,7>.
Submap pointer saved for vertex <0,7>.
Using previous submap for vertex <0,7>
Submap pointer saved for vertex <0,7>.
Vertex ID: <0,8>, Timestamp (nanoseconds): 1739489710961811968
Distance from last submap: 4.73338e-05 m
Rotation from last submap: 311.769 degrees
Creating new submap at vertex <0,8>
Transformation Matrix:
           1 -1.67336e-06 -1.32995e-05  0.000385988
 1.67311e-06            1 -1.85203e-05 -2.96063e-08
 1.32995e-05  1.85203e-05            1 -8.09675e-06
           0            0            0            1
Original cloud size: 105430
Transformed cloud size: 105430
Cropped cloud size: 28497
Point cloud associated with vertex <0,8>.
Submap pointer saved for vertex <0,8>.
Using previous submap for vertex <0,8>
Submap pointer saved for vertex <0,8>.
Vertex ID: <0,9>, Timestamp (nanoseconds): 1739489711170866944
Distance from last submap: 4.96911e-05 m
Rotation from last submap: 311.769 degrees
Creating new submap at vertex <0,9>
Transformation Matrix:
           1  -1.7903e-06 -1.49857e-05  0.000435668
 1.78999e-06            1 -2.09069e-05 -7.92772e-08
 1.49858e-05  2.09069e-05            1 -9.14493e-06
           0            0            0            1
Original cloud size: 105430
Transformed cloud size: 105430
Cropped cloud size: 28497
Point cloud associated with vertex <0,9>.
Submap pointer saved for vertex <0,9>.
Using previous submap for vertex <0,9>
Submap pointer saved for vertex <0,9>.
Vertex ID: <0,10>, Timestamp (nanoseconds): 1739489711372252672
Distance from last submap: 4.73164e-05 m
Rotation from last submap: 311.769 degrees
Creating new submap at vertex <0,10>
Transformation Matrix:
           1 -1.88301e-06 -1.65866e-05  0.000482974
 1.88262e-06            1 -2.31801e-05 -1.35273e-07
 1.65867e-05    2.318e-05            1 -1.01442e-05
           0            0            0            1
Original cloud size: 105430
Transformed cloud size: 105430
Cropped cloud size: 28497
Point cloud associated with vertex <0,10>.
Submap pointer saved for vertex <0,10>.
Using previous submap for vertex <0,10>
Submap pointer saved for vertex <0,10>.
Vertex ID: <0,11>, Timestamp (nanoseconds): 1739489711581917696
Distance from last submap: 4.96739e-05 m
Rotation from last submap: 311.769 degrees
Creating new submap at vertex <0,11>
Transformation Matrix:
           1 -1.96141e-06 -1.82624e-05  0.000532636
 1.96094e-06            1  -2.5567e-05 -2.02892e-07
 1.82625e-05   2.5567e-05            1 -1.11943e-05
           0            0            0            1
Original cloud size: 105430
Transformed cloud size: 105430
Cropped cloud size: 28497
Point cloud associated with vertex <0,11>.
Submap pointer saved for vertex <0,11>.
Using previous submap for vertex <0,11>
Submap pointer saved for vertex <0,11>.
Vertex ID: <0,12>, Timestamp (nanoseconds): 1739489711782886144
Distance from last submap: 4.7301e-05 m
Rotation from last submap: 311.769 degrees
Creating new submap at vertex <0,12>
Transformation Matrix:
           1 -2.01863e-06 -1.98538e-05  0.000579927
 2.01808e-06            1 -2.78405e-05  -2.7542e-07
 1.98538e-05  2.78404e-05            1 -1.21954e-05
           0            0            0            1
Original cloud size: 105430
Transformed cloud size: 105430
Cropped cloud size: 28497
Point cloud associated with vertex <0,12>.
Submap pointer saved for vertex <0,12>.
Using previous submap for vertex <0,12>
Submap pointer saved for vertex <0,12>.
Vertex ID: <0,13>, Timestamp (nanoseconds): 1739489711993604352
Distance from last submap: 4.96587e-05 m
Rotation from last submap: 311.769 degrees
Creating new submap at vertex <0,13>
Transformation Matrix:
           1 -2.06101e-06 -2.15199e-05  0.000629574
 2.06036e-06            1 -3.02277e-05 -3.59828e-07
 2.15199e-05  3.02277e-05            1 -1.32474e-05
           0            0            0            1
Original cloud size: 105430
Transformed cloud size: 105430
Cropped cloud size: 28497
Point cloud associated with vertex <0,13>.
Submap pointer saved for vertex <0,13>.
Using previous submap for vertex <0,13>
Submap pointer saved for vertex <0,13>.
Vertex ID: <0,14>, Timestamp (nanoseconds): 1739489712202511360
Distance from last submap: 4.96517e-05 m
Rotation from last submap: 311.769 degrees
Creating new submap at vertex <0,14>
Transformation Matrix:
           1 -2.08588e-06 -2.31813e-05  0.000679215
 2.08512e-06            1 -3.26152e-05 -4.52411e-07
 2.31813e-05  3.26151e-05            1 -1.43003e-05
           0            0            0            1
Original cloud size: 105430
Transformed cloud size: 105430
Cropped cloud size: 28497
Point cloud associated with vertex <0,14>.
Submap pointer saved for vertex <0,14>.
Using previous submap for vertex <0,14>
Submap pointer saved for vertex <0,14>.
Vertex ID: <0,15>, Timestamp (nanoseconds): 1739489712412277760
Distance from last submap: 4.96451e-05 m
Rotation from last submap: 311.769 degrees
Creating new submap at vertex <0,15>
Transformation Matrix:
           1 -2.09381e-06 -2.48381e-05  0.000728849
 2.09294e-06            1 -3.50028e-05 -5.52894e-07
 2.48382e-05  3.50028e-05            1 -1.53541e-05
           0            0            0            1
Original cloud size: 105430
Transformed cloud size: 105430
Cropped cloud size: 28497
Point cloud associated with vertex <0,15>.
Submap pointer saved for vertex <0,15>.
Using previous submap for vertex <0,15>
Submap pointer saved for vertex <0,15>.
Vertex ID: <0,16>, Timestamp (nanoseconds): 1739489712622367232
Distance from last submap: 4.96389e-05 m
Rotation from last submap: 311.769 degrees
Creating new submap at vertex <0,16>
Transformation Matrix:
           1  -2.0854e-06 -2.64906e-05  0.000778476
 2.08441e-06            1 -3.73907e-05 -6.61013e-07
 2.64907e-05  3.73906e-05            1 -1.64087e-05
           0            0            0            1
Original cloud size: 105430
Transformed cloud size: 105430
Cropped cloud size: 28497
Point cloud associated with vertex <0,16>.
Submap pointer saved for vertex <0,16>.
Using previous submap for vertex <0,16>
Submap pointer saved for vertex <0,16>.
Vertex ID: <0,17>, Timestamp (nanoseconds): 1739489712824101632
Distance from last submap: 4.72699e-05 m
Rotation from last submap: 311.769 degrees
Creating new submap at vertex <0,17>
Transformation Matrix:
           1  -2.0627e-06 -2.80605e-05  0.000825735
 2.06159e-06            1  -3.9665e-05 -7.70848e-07
 2.80606e-05  3.96649e-05            1 -1.74138e-05
           0            0            0            1
Original cloud size: 105430
Transformed cloud size: 105430
Cropped cloud size: 28497
Point cloud associated with vertex <0,17>.
Submap pointer saved for vertex <0,17>.
Using previous submap for vertex <0,17>
Submap pointer saved for vertex <0,17>.
Vertex ID: <0,18>, Timestamp (nanoseconds): 1739489713033667840
Distance from last submap: 4.96282e-05 m
Rotation from last submap: 311.769 degrees
Creating new submap at vertex <0,18>
Transformation Matrix:
           1 -2.02396e-06 -2.97049e-05  0.000875352
 2.02271e-06            1 -4.20532e-05 -8.93145e-07
  2.9705e-05  4.20532e-05            1   -1.847e-05
           0            0            0            1
Original cloud size: 105430
Transformed cloud size: 105430
Cropped cloud size: 28497
Point cloud associated with vertex <0,18>.
Submap pointer saved for vertex <0,18>.
Using previous submap for vertex <0,18>
Submap pointer saved for vertex <0,18>.
Vertex ID: <0,19>, Timestamp (nanoseconds): 1739489713243182336
Distance from last submap: 4.96233e-05 m
Rotation from last submap: 311.769 degrees
Creating new submap at vertex <0,19>
Transformation Matrix:
           1 -1.97046e-06 -3.13454e-05  0.000924964
 1.96907e-06            1 -4.44417e-05 -1.02235e-06
 3.13455e-05  4.44416e-05            1  -1.9527e-05
           0            0            0            1
Original cloud size: 105430
Transformed cloud size: 105430
Cropped cloud size: 28497
Point cloud associated with vertex <0,19>.
Submap pointer saved for vertex <0,19>.
Using previous submap for vertex <0,19>
Submap pointer saved for vertex <0,19>.
Vertex ID: <0,20>, Timestamp (nanoseconds): 1739489713453123072
Distance from last submap: 4.96188e-05 m
Rotation from last submap: 311.769 degrees
Creating new submap at vertex <0,20>
Transformation Matrix:
           1  -1.9027e-06 -3.29821e-05  0.000974571
 1.90115e-06            1 -4.68303e-05 -1.15822e-06
 3.29822e-05  4.68302e-05            1 -2.05847e-05
           0            0            0            1
Original cloud size: 105430
Transformed cloud size: 105430
Cropped cloud size: 28497
Point cloud associated with vertex <0,20>.
Submap pointer saved for vertex <0,20>.
Using previous submap for vertex <0,20>
Submap pointer saved for vertex <0,20>.
Vertex ID: <0,21>, Timestamp (nanoseconds): 1739489713662947584
Distance from last submap: 4.96162e-05 m
Rotation from last submap: 311.769 degrees
Creating new submap at vertex <0,21>
Transformation Matrix:
           1 -1.82048e-06 -3.46151e-05   0.00102418
 1.81878e-06            1 -4.92192e-05 -1.30063e-06
 3.46152e-05  4.92192e-05            1  -2.1643e-05
           0            0            0            1
Original cloud size: 105430
Transformed cloud size: 105430
Cropped cloud size: 28497
Point cloud associated with vertex <0,21>.
Submap pointer saved for vertex <0,21>.
Using previous submap for vertex <0,21>
Submap pointer saved for vertex <0,21>.
Vertex ID: <0,22>, Timestamp (nanoseconds): 1739489713863253760
Distance from last submap: 4.72519e-05 m
Rotation from last submap: 311.769 degrees
Creating new submap at vertex <0,22>
Transformation Matrix:
           1 -1.72944e-06 -3.61671e-05   0.00107142
 1.72758e-06            1 -5.14947e-05 -1.44213e-06
 3.61672e-05  5.14946e-05            1 -2.26517e-05
           0            0            0            1
Original cloud size: 105430
Transformed cloud size: 105430
Cropped cloud size: 28497
Point cloud associated with vertex <0,22>.
Submap pointer saved for vertex <0,22>.
Using previous submap for vertex <0,22>
Submap pointer saved for vertex <0,22>.
Vertex ID: <0,23>, Timestamp (nanoseconds): 1739489714063264256
Distance from last submap: 4.72505e-05 m
Rotation from last submap: 311.769 degrees
Creating new submap at vertex <0,23>
Transformation Matrix:
           1 -1.62656e-06  -3.7716e-05   0.00111866
 1.62453e-06            1 -5.37704e-05 -1.58913e-06
 3.77161e-05  5.37703e-05            1  -2.3661e-05
           0            0            0            1
Original cloud size: 105430
Transformed cloud size: 105430
Cropped cloud size: 28497
Point cloud associated with vertex <0,23>.
Submap pointer saved for vertex <0,23>.
Using previous submap for vertex <0,23>
Submap pointer saved for vertex <0,23>.
Vertex ID: <0,24>, Timestamp (nanoseconds): 1739489714263568896
Distance from last submap: 4.72495e-05 m
Rotation from last submap: 311.769 degrees
Creating new submap at vertex <0,24>
Transformation Matrix:
           1 -1.51229e-06  -3.9262e-05   0.00116589
 1.51009e-06            1 -5.60464e-05 -1.74147e-06
 3.92621e-05  5.60464e-05            1 -2.46709e-05
           0            0            0            1
Original cloud size: 105430
Transformed cloud size: 105430
Cropped cloud size: 28497
Point cloud associated with vertex <0,24>.
Submap pointer saved for vertex <0,24>.
Using previous submap for vertex <0,24>
Submap pointer saved for vertex <0,24>.
Vertex ID: <0,25>, Timestamp (nanoseconds): 1739489714463706112
Distance from last submap: 4.72488e-05 m
Rotation from last submap: 311.769 degrees
Creating new submap at vertex <0,25>
Transformation Matrix:
           1 -1.38703e-06 -4.08053e-05   0.00121313
 1.38465e-06            1 -5.83227e-05 -1.89897e-06
 4.08053e-05  5.83227e-05            1 -2.56814e-05
           0            0            0            1
Original cloud size: 105430
Transformed cloud size: 105430
Cropped cloud size: 28497
Point cloud associated with vertex <0,25>.
Submap pointer saved for vertex <0,25>.
Using previous submap for vertex <0,25>
Submap pointer saved for vertex <0,25>.
Vertex ID: <0,26>, Timestamp (nanoseconds): 1739489714664965376
Distance from last submap: 4.72483e-05 m
Rotation from last submap: 311.769 degrees
Creating new submap at vertex <0,26>
Transformation Matrix:
           1 -1.25116e-06 -4.23458e-05   0.00126037
 1.24859e-06            1 -6.05993e-05 -2.06146e-06
 4.23459e-05  6.05993e-05            1 -2.66924e-05
           0            0            0            1
Original cloud size: 105430
Transformed cloud size: 105430
Cropped cloud size: 28496
Point cloud associated with vertex <0,26>.
Submap pointer saved for vertex <0,26>.
Using previous submap for vertex <0,26>
Submap pointer saved for vertex <0,26>.
Vertex ID: <0,27>, Timestamp (nanoseconds): 1739489714875191040
Distance from last submap: 4.96105e-05 m
Rotation from last submap: 311.769 degrees
Creating new submap at vertex <0,27>
Transformation Matrix:
           1 -1.09745e-06 -4.39605e-05   0.00130997
 1.09468e-06            1 -6.29901e-05 -2.23728e-06
 4.39606e-05  6.29901e-05            1 -2.77547e-05
           0            0            0            1
Original cloud size: 105430
Transformed cloud size: 105430
Cropped cloud size: 28496
Point cloud associated with vertex <0,27>.
Submap pointer saved for vertex <0,27>.
Using previous submap for vertex <0,27>
Submap pointer saved for vertex <0,27>.
Vertex ID: <0,28>, Timestamp (nanoseconds): 1739489715084555776
Distance from last submap: 4.96106e-05 m
Rotation from last submap: 311.769 degrees
Creating new submap at vertex <0,28>
Transformation Matrix:
           1   -9.328e-07 -4.55725e-05   0.00135957
  9.2982e-07            1 -6.53812e-05 -2.41826e-06
 4.55725e-05  6.53812e-05            1 -2.88176e-05
           0            0            0            1
Original cloud size: 105430
Transformed cloud size: 105430
Cropped cloud size: 28496
Point cloud associated with vertex <0,28>.
Submap pointer saved for vertex <0,28>.
Using previous submap for vertex <0,28>
Submap pointer saved for vertex <0,28>.
Vertex ID: <0,29>, Timestamp (nanoseconds): 1739489715294382592
Distance from last submap: 4.9611e-05 m
Rotation from last submap: 311.769 degrees
Creating new submap at vertex <0,29>
Transformation Matrix:
           1 -7.57593e-07 -4.71818e-05   0.00140917
 7.54396e-07            1 -6.77727e-05 -2.60422e-06
 4.71819e-05  6.77726e-05            1  -2.9881e-05
           0            0            0            1
Original cloud size: 105430
Transformed cloud size: 105430
Cropped cloud size: 28496
Point cloud associated with vertex <0,29>.
Submap pointer saved for vertex <0,29>.
Using previous submap for vertex <0,29>
Submap pointer saved for vertex <0,29>.
Vertex ID: <0,30>, Timestamp (nanoseconds): 1739489715494732032
Distance from last submap: 4.72492e-05 m
Rotation from last submap: 311.769 degrees
Creating new submap at vertex <0,30>
Transformation Matrix:
           1 -5.81241e-07 -4.87121e-05    0.0014564
 5.77828e-07            1 -7.00505e-05 -2.78582e-06
 4.87121e-05  7.00505e-05            1 -3.08944e-05
           0            0            0            1
Original cloud size: 105430
Transformed cloud size: 105430
Cropped cloud size: 28496
Point cloud associated with vertex <0,30>.
Submap pointer saved for vertex <0,30>.
Using previous submap for vertex <0,30>
Submap pointer saved for vertex <0,30>.
Vertex ID: <0,31>, Timestamp (nanoseconds): 1739489715704350720
Distance from last submap: 4.96125e-05 m
Rotation from last submap: 311.769 degrees
Creating new submap at vertex <0,31>
Transformation Matrix:
           1 -3.86439e-07 -5.03165e-05   0.00150601
 3.82794e-07            1 -7.24427e-05 -2.98105e-06
 5.03166e-05  7.24426e-05            1  -3.1959e-05
           0            0            0            1
Original cloud size: 105430
Transformed cloud size: 105430
Cropped cloud size: 28496
Point cloud associated with vertex <0,31>.
Submap pointer saved for vertex <0,31>.
Using previous submap for vertex <0,31>
Submap pointer saved for vertex <0,31>.
Vertex ID: <0,32>, Timestamp (nanoseconds): 1739489715904652288
Distance from last submap: 4.72511e-05 m
Rotation from last submap: 311.769 degrees
Creating new submap at vertex <0,32>
Transformation Matrix:
           1 -1.92043e-07 -5.18423e-05   0.00155324
 1.88169e-07            1 -7.47212e-05 -3.17118e-06
 5.18424e-05  7.47212e-05            1 -3.29733e-05
           0            0            0            1
Original cloud size: 105430
Transformed cloud size: 105430
Cropped cloud size: 28495
Point cloud associated with vertex <0,32>.
Submap pointer saved for vertex <0,32>.
Using previous submap for vertex <0,32>
Submap pointer saved for vertex <0,32>.
Vertex ID: <0,33>, Timestamp (nanoseconds): 1739489716105109504
Distance from last submap: 4.72524e-05 m
Rotation from last submap: 311.769 degrees
Creating new submap at vertex <0,33>
Transformation Matrix:
           1  1.07492e-08 -5.33661e-05   0.00160049
-1.48584e-08            1 -7.70001e-05 -3.36528e-06
 5.33661e-05  7.70001e-05            1 -3.39882e-05
           0            0            0            1
Original cloud size: 105430
Transformed cloud size: 105430
Cropped cloud size: 28495
Point cloud associated with vertex <0,33>.
Submap pointer saved for vertex <0,33>.
Using previous submap for vertex <0,33>
Submap pointer saved for vertex <0,33>.
Vertex ID: <0,34>, Timestamp (nanoseconds): 1739489716305208320
Distance from last submap: 4.72539e-05 m
Rotation from last submap: 311.769 degrees
Creating new submap at vertex <0,34>
Transformation Matrix:
           1  2.21669e-07 -5.48878e-05   0.00164773
 -2.2602e-07            1 -7.92792e-05 -3.56322e-06
 5.48878e-05  7.92793e-05            1 -3.50035e-05
           0            0            0            1
Original cloud size: 105430
Transformed cloud size: 105430
Cropped cloud size: 28495
Point cloud associated with vertex <0,34>.
Submap pointer saved for vertex <0,34>.
Using previous submap for vertex <0,34>
Submap pointer saved for vertex <0,34>.
Vertex ID: <0,35>, Timestamp (nanoseconds): 1739489716505617664
Distance from last submap: 4.72556e-05 m
Rotation from last submap: 311.769 degrees
Creating new submap at vertex <0,35>
Transformation Matrix:
           1  4.40443e-07 -5.64076e-05   0.00169497
-4.45044e-07            1 -8.15588e-05 -3.76489e-06
 5.64076e-05  8.15588e-05            1 -3.60192e-05
           0            0            0            1
Original cloud size: 105430
Transformed cloud size: 105430
Cropped cloud size: 28495
Point cloud associated with vertex <0,35>.
Submap pointer saved for vertex <0,35>.
Using previous submap for vertex <0,35>
Submap pointer saved for vertex <0,35>.
Vertex ID: <0,36>, Timestamp (nanoseconds): 1739489716714657536
Distance from last submap: 4.96205e-05 m
Rotation from last submap: 311.769 degrees
Creating new submap at vertex <0,36>
Transformation Matrix:
           1  6.78326e-07 -5.80015e-05   0.00174458
-6.83195e-07            1 -8.39526e-05 -3.98053e-06
 5.80014e-05  8.39526e-05            1 -3.70862e-05
           0            0            0            1
Original cloud size: 105430
Transformed cloud size: 105430
Cropped cloud size: 28495
Point cloud associated with vertex <0,36>.
Submap pointer saved for vertex <0,36>.
Using previous submap for vertex <0,36>
Submap pointer saved for vertex <0,36>.
Vertex ID: <0,37>, Timestamp (nanoseconds): 1739489716914971648
Distance from last submap: 4.72598e-05 m
Rotation from last submap: 311.769 degrees
Creating new submap at vertex <0,37>
Transformation Matrix:
           1  9.12404e-07 -5.95176e-05   0.00179183
-9.17536e-07            1 -8.62328e-05 -4.18947e-06
 5.95175e-05  8.62328e-05            1 -3.81029e-05
           0            0            0            1
Original cloud size: 105430
Transformed cloud size: 105430
Cropped cloud size: 28495
Point cloud associated with vertex <0,37>.
Submap pointer saved for vertex <0,37>.
Using previous submap for vertex <0,37>
Submap pointer saved for vertex <0,37>.
Vertex ID: <0,38>, Timestamp (nanoseconds): 1739489717125000448
Distance from last submap: 4.96252e-05 m
Rotation from last submap: 311.769 degrees
Creating new submap at vertex <0,38>
Transformation Matrix:
           1   1.1658e-06 -6.11076e-05   0.00184144
-1.17122e-06            1 -8.86273e-05 -4.41244e-06
 6.11075e-05  8.86274e-05            1 -3.91708e-05
           0            0            0            1
Original cloud size: 105430
Transformed cloud size: 105430
Cropped cloud size: 28495
Point cloud associated with vertex <0,38>.
Submap pointer saved for vertex <0,38>.
Using previous submap for vertex <0,38>
Submap pointer saved for vertex <0,38>.
Vertex ID: <0,39>, Timestamp (nanoseconds): 1739489717325462528
Distance from last submap: 4.72644e-05 m
Rotation from last submap: 311.769 degrees
Creating new submap at vertex <0,39>
Transformation Matrix:
           1  1.41408e-06 -6.26196e-05    0.0018887
-1.41977e-06            1 -9.09082e-05 -4.62799e-06
 6.26195e-05  9.09083e-05            1 -4.01882e-05
           0            0            0            1
Original cloud size: 105430
Transformed cloud size: 105430
Cropped cloud size: 28495
Point cloud associated with vertex <0,39>.
Submap pointer saved for vertex <0,39>.
Using previous submap for vertex <0,39>
Submap pointer saved for vertex <0,39>.
Vertex ID: <0,40>, Timestamp (nanoseconds): 1739489717535371008
Distance from last submap: 4.96301e-05 m
Rotation from last submap: 311.769 degrees
Creating new submap at vertex <0,40>
Transformation Matrix:
           1  1.68191e-06 -6.42054e-05   0.00193831
 -1.6879e-06            1 -9.33034e-05 -4.85772e-06
 6.42053e-05  9.33036e-05            1 -4.12569e-05
           0            0            0            1
Original cloud size: 105430
Transformed cloud size: 105430
Cropped cloud size: 28495
Point cloud associated with vertex <0,40>.
Submap pointer saved for vertex <0,40>.
Using previous submap for vertex <0,40>
Submap pointer saved for vertex <0,40>.
Vertex ID: <0,41>, Timestamp (nanoseconds): 1739489717735617024
Distance from last submap: 4.72694e-05 m
Rotation from last submap: 311.769 degrees
Creating new submap at vertex <0,41>
Transformation Matrix:
           1  1.94356e-06 -6.57142e-05   0.00198557
-1.94984e-06            1  -9.5585e-05 -5.07965e-06
  6.5714e-05  9.55851e-05            1 -4.22752e-05
           0            0            0            1
Original cloud size: 105430
Transformed cloud size: 105430
Cropped cloud size: 28495
Point cloud associated with vertex <0,41>.
Submap pointer saved for vertex <0,41>.
Using previous submap for vertex <0,41>
Submap pointer saved for vertex <0,41>.
Vertex ID: <0,42>, Timestamp (nanoseconds): 1739489717936682240
Distance from last submap: 4.7272e-05 m
Rotation from last submap: 311.769 degrees
Creating new submap at vertex <0,42>
Transformation Matrix:
           1  2.21142e-06 -6.72214e-05   0.00203283
  -2.218e-06            1 -9.78668e-05 -5.30454e-06
 6.72212e-05   9.7867e-05            1 -4.32937e-05
           0            0            0            1
Original cloud size: 105430
Transformed cloud size: 105430
Cropped cloud size: 28496
Point cloud associated with vertex <0,42>.
Submap pointer saved for vertex <0,42>.
Using previous submap for vertex <0,42>
Submap pointer saved for vertex <0,42>.
Vertex ID: <0,43>, Timestamp (nanoseconds): 1739489718146135296
Distance from last submap: 4.96387e-05 m
Rotation from last submap: 311.769 degrees
Creating new submap at vertex <0,43>
Transformation Matrix:
           1  2.49912e-06 -6.88026e-05   0.00208246
-2.50602e-06            1 -0.000100263 -5.54377e-06
 6.88023e-05  0.000100263            1 -4.43636e-05
           0            0            0            1
Original cloud size: 105430
Transformed cloud size: 105430
Cropped cloud size: 28496
Point cloud associated with vertex <0,43>.
Submap pointer saved for vertex <0,43>.
Using previous submap for vertex <0,43>
Submap pointer saved for vertex <0,43>.
Vertex ID: <0,44>, Timestamp (nanoseconds): 1739489718346251520
Distance from last submap: 4.7278e-05 m
Rotation from last submap: 311.769 degrees
Creating new submap at vertex <0,44>
Transformation Matrix:
           1  2.77908e-06  -7.0307e-05   0.00212973
-2.78629e-06            1 -0.000102546 -5.77445e-06
 7.03068e-05  0.000102546            1 -4.53829e-05
           0            0            0            1
Original cloud size: 105430
Transformed cloud size: 105430
Cropped cloud size: 28496
Point cloud associated with vertex <0,44>.
Submap pointer saved for vertex <0,44>.
Using previous submap for vertex <0,44>
Submap pointer saved for vertex <0,44>.
Vertex ID: <0,45>, Timestamp (nanoseconds): 1739489718555917824
Distance from last submap: 4.96452e-05 m
Rotation from last submap: 311.769 degrees
Creating new submap at vertex <0,45>
Transformation Matrix:
           1  3.07906e-06 -7.18853e-05   0.00217936
-3.08661e-06            1 -0.000104943 -6.01957e-06
  7.1885e-05  0.000104943            1 -4.64534e-05
           0            0            0            1
Original cloud size: 105430
Transformed cloud size: 105430
Cropped cloud size: 28496
Point cloud associated with vertex <0,45>.
Submap pointer saved for vertex <0,45>.
Using previous submap for vertex <0,45>
Submap pointer saved for vertex <0,45>.
Vertex ID: <0,46>, Timestamp (nanoseconds): 1739489718756035072
Distance from last submap: 4.72845e-05 m
Rotation from last submap: 311.769 degrees
Creating new submap at vertex <0,46>
Transformation Matrix:
           1  3.37033e-06 -7.33872e-05   0.00222663
 -3.3782e-06            1 -0.000107226 -6.25569e-06
 7.33869e-05  0.000107226            1 -4.74734e-05
           0            0            0            1
Original cloud size: 105430
Transformed cloud size: 105430
Cropped cloud size: 28496
Point cloud associated with vertex <0,46>.
Submap pointer saved for vertex <0,46>.
Using previous submap for vertex <0,46>
Submap pointer saved for vertex <0,46>.
Vertex ID: <0,47>, Timestamp (nanoseconds): 1739489718956152832
Distance from last submap: 4.72879e-05 m
Rotation from last submap: 311.769 degrees
Creating new submap at vertex <0,47>
Transformation Matrix:
           1  3.66684e-06 -7.48879e-05   0.00227391
-3.67504e-06            1 -0.000109509 -6.49434e-06
 7.48875e-05   0.00010951            1 -4.84936e-05
           0            0            0            1
Original cloud size: 105430
Transformed cloud size: 105430
Cropped cloud size: 28496
Point cloud associated with vertex <0,47>.
Submap pointer saved for vertex <0,47>.
Using previous submap for vertex <0,47>
Submap pointer saved for vertex <0,47>.
Vertex ID: <0,48>, Timestamp (nanoseconds): 1739489719156348672
Distance from last submap: 4.72915e-05 m
Rotation from last submap: 311.769 degrees
Creating new submap at vertex <0,48>
Transformation Matrix:
           1  3.96844e-06 -7.63874e-05   0.00232119
-3.97698e-06            1 -0.000111793 -6.73543e-06
  7.6387e-05  0.000111794            1 -4.95141e-05
           0            0            0            1
Original cloud size: 105430
Transformed cloud size: 105430
Cropped cloud size: 28496
Point cloud associated with vertex <0,48>.
Submap pointer saved for vertex <0,48>.
Using previous submap for vertex <0,48>
Submap pointer saved for vertex <0,48>.
Vertex ID: <0,49>, Timestamp (nanoseconds): 1739489719356665856
Distance from last submap: 4.72951e-05 m
Rotation from last submap: 311.769 degrees
Creating new submap at vertex <0,49>
Transformation Matrix:
           1  4.27496e-06 -7.78859e-05   0.00236847
-4.28384e-06            1 -0.000114077  -6.9789e-06
 7.78854e-05  0.000114078            1 -5.05349e-05
           0            0            0            1
Original cloud size: 105430
Transformed cloud size: 105430
Cropped cloud size: 28496
Point cloud associated with vertex <0,49>.
Submap pointer saved for vertex <0,49>.
Using previous submap for vertex <0,49>
Submap pointer saved for vertex <0,49>.
Vertex ID: <0,50>, Timestamp (nanoseconds): 1739489719566635264
Distance from last submap: 4.96637e-05 m
Rotation from last submap: 311.769 degrees
Creating new submap at vertex <0,50>
Transformation Matrix:
           1  4.60183e-06 -7.94582e-05   0.00241812
-4.61109e-06            1 -0.000116476 -7.23681e-06
 7.94577e-05  0.000116477            1  -5.1607e-05
           0            0            0            1
Original cloud size: 105430
Transformed cloud size: 105430
Cropped cloud size: 28496
Point cloud associated with vertex <0,50>.
Submap pointer saved for vertex <0,50>.
Using previous submap for vertex <0,50>
Submap pointer saved for vertex <0,50>.
Vertex ID: <0,51>, Timestamp (nanoseconds): 1739489719767515648
Distance from last submap: 4.73007e-05 m
Rotation from last submap: 311.769 degrees
Creating new submap at vertex <0,51>
Transformation Matrix:
           1   4.9174e-06 -8.09552e-05   0.00246541
-4.92701e-06            1 -0.000118761 -7.48418e-06
 8.09546e-05  0.000118762            1 -5.26283e-05
           0            0            0            1
Original cloud size: 105430
Transformed cloud size: 105430
Cropped cloud size: 28496
Point cloud associated with vertex <0,51>.
Submap pointer saved for vertex <0,51>.
Using previous submap for vertex <0,51>
Submap pointer saved for vertex <0,51>.
Vertex ID: <0,52>, Timestamp (nanoseconds): 1739489719967920384
Distance from last submap: 4.73027e-05 m
Rotation from last submap: 311.769 degrees
Creating new submap at vertex <0,52>
Transformation Matrix:
           1  5.23719e-06 -8.24514e-05    0.0025127
-5.24717e-06            1 -0.000121046 -7.73366e-06
 8.24508e-05  0.000121047            1 -5.36497e-05
           0            0            0            1
Original cloud size: 105430
Transformed cloud size: 105430
Cropped cloud size: 28496
Point cloud associated with vertex <0,52>.
Submap pointer saved for vertex <0,52>.
Using previous submap for vertex <0,52>
Submap pointer saved for vertex <0,52>.
Vertex ID: <0,53>, Timestamp (nanoseconds): 1739489720177377280
Distance from last submap: 4.96702e-05 m
Rotation from last submap: 311.769 degrees
Creating new submap at vertex <0,53>
Transformation Matrix:
           1  5.57746e-06 -8.40214e-05   0.00256236
-5.58783e-06            1 -0.000123446 -7.99781e-06
 8.40207e-05  0.000123447            1 -5.47225e-05
           0            0            0            1
Original cloud size: 105430
Transformed cloud size: 105430
Cropped cloud size: 28495
Point cloud associated with vertex <0,53>.
Submap pointer saved for vertex <0,53>.
Using previous submap for vertex <0,53>
Submap pointer saved for vertex <0,53>.
Vertex ID: <0,54>, Timestamp (nanoseconds): 1739489720377495552
Distance from last submap: 4.73072e-05 m
Rotation from last submap: 311.769 degrees
Creating new submap at vertex <0,54>
Transformation Matrix:
           1  5.90571e-06 -8.55157e-05   0.00260966
-5.91646e-06            1 -0.000125732 -8.25143e-06
 8.55149e-05  0.000125732            1 -5.57443e-05
           0            0            0            1
Original cloud size: 105430
Transformed cloud size: 105430
Cropped cloud size: 28495
Point cloud associated with vertex <0,54>.
Submap pointer saved for vertex <0,54>.
Using previous submap for vertex <0,54>
Submap pointer saved for vertex <0,54>.
Vertex ID: <0,55>, Timestamp (nanoseconds): 1739489720587703296
Distance from last submap: 4.96751e-05 m
Rotation from last submap: 311.769 degrees
Creating new submap at vertex <0,55>
Transformation Matrix:
           1  6.25465e-06 -8.70837e-05   0.00265932
-6.26581e-06            1 -0.000128132 -8.51981e-06
 8.70829e-05  0.000128133            1 -5.68175e-05
           0            0            0            1
Original cloud size: 105430
Transformed cloud size: 105430
Cropped cloud size: 28495
Point cloud associated with vertex <0,55>.
Submap pointer saved for vertex <0,55>.
Using previous submap for vertex <0,55>
Submap pointer saved for vertex <0,55>.
Vertex ID: <0,56>, Timestamp (nanoseconds): 1739489720787964416
Distance from last submap: 4.73121e-05 m
Rotation from last submap: 311.769 degrees
Creating new submap at vertex <0,56>
Transformation Matrix:
           1  6.59092e-06 -8.85762e-05   0.00270662
-6.60247e-06            1 -0.000130418 -8.77733e-06
 8.85753e-05  0.000130419            1 -5.78398e-05
           0            0            0            1
Original cloud size: 105430
Transformed cloud size: 105430
Cropped cloud size: 28495
Point cloud associated with vertex <0,56>.
Submap pointer saved for vertex <0,56>.
Using previous submap for vertex <0,56>
Submap pointer saved for vertex <0,56>.
Vertex ID: <0,57>, Timestamp (nanoseconds): 1739489720998123008
Distance from last submap: 4.96804e-05 m
Rotation from last submap: 311.769 degrees
Creating new submap at vertex <0,57>
Transformation Matrix:
           1  6.94801e-06 -9.01424e-05   0.00275629
-6.95998e-06            1 -0.000132819 -9.04968e-06
 9.01415e-05   0.00013282            1 -5.89134e-05
           0            0            0            1
Original cloud size: 105430
Transformed cloud size: 105430
Cropped cloud size: 28495
Point cloud associated with vertex <0,57>.
Submap pointer saved for vertex <0,57>.
Using previous submap for vertex <0,57>
Submap pointer saved for vertex <0,57>.
Vertex ID: <0,58>, Timestamp (nanoseconds): 1739489721207906304
Distance from last submap: 4.96833e-05 m
Rotation from last submap: 311.769 degrees
Creating new submap at vertex <0,58>
Transformation Matrix:
           1  7.30909e-06 -9.17077e-05   0.00280596
-7.32149e-06            1  -0.00013522 -9.32396e-06
 9.17067e-05  0.000135221            1 -5.99872e-05
           0            0            0            1
Original cloud size: 105430
Transformed cloud size: 105430
Cropped cloud size: 28495
Point cloud associated with vertex <0,58>.
Submap pointer saved for vertex <0,58>.
Using previous submap for vertex <0,58>
Submap pointer saved for vertex <0,58>.
Vertex ID: <0,59>, Timestamp (nanoseconds): 1739489721417604096
Distance from last submap: 4.96863e-05 m
Rotation from last submap: 311.769 degrees
Creating new submap at vertex <0,59>
Transformation Matrix:
           1  7.67401e-06 -9.32722e-05   0.00285563
-7.68684e-06            1 -0.000137622 -9.60013e-06
 9.32712e-05  0.000137622            1 -6.10611e-05
           0            0            0            1
Original cloud size: 105430
Transformed cloud size: 105430
Cropped cloud size: 28495
Point cloud associated with vertex <0,59>.
Submap pointer saved for vertex <0,59>.
Using previous submap for vertex <0,59>
Submap pointer saved for vertex <0,59>.
Vertex ID: <0,60>, Timestamp (nanoseconds): 1739489721618082048
Distance from last submap: 0.00267955 m
Rotation from last submap: 0.0135845 degrees
Using previous submap for vertex <0,60>
Submap pointer saved for vertex <0,60>.
