[36m23:52:30.086 140133410004992 INFO [configure.cpp:47] [default] Logging to: example_log.txt
[0m[36m23:52:30.086 140133410004992 INFO [configure.cpp:49] [default] Enabled loggers: [test]
[0mPoint cloud loaded successfully.
Vertex ID: <0,0>, Timestamp (nanoseconds): 1739509727375037696
Creating new submap at vertex <0,0>
Transformation Matrix:
1 0 0 0
0 1 0 0
0 0 1 0
0 0 0 1
Original cloud size: 105430
Transformed cloud size: 105430
Cropped cloud size: 31632
Point cloud associated with vertex <0,0>.
Submap pointer saved for vertex <0,0>.
Using previous submap for vertex <0,0>
Submap pointer saved for vertex <0,0>.
Vertex ID: <0,1>, Timestamp (nanoseconds): 1739509727575324160
Distance from last submap: 0.0026395 m
Rotation from last submap: 0.0685765 degrees
Using previous submap for vertex <0,1>
Submap pointer saved for vertex <0,1>.
Vertex ID: <0,2>, Timestamp (nanoseconds): 1739509727785691904
Distance from last submap: 0.112766 m
Rotation from last submap: 0.780957 degrees
Using previous submap for vertex <0,2>
Submap pointer saved for vertex <0,2>.
Vertex ID: <0,3>, Timestamp (nanoseconds): 1739509727995647744
Distance from last submap: 0.398071 m
Rotation from last submap: 2.55702 degrees
Using previous submap for vertex <0,3>
Submap pointer saved for vertex <0,3>.
Vertex ID: <0,4>, Timestamp (nanoseconds): 1739509728205201664
Distance from last submap: 0.78571 m
Rotation from last submap: 2.55311 degrees
Using previous submap for vertex <0,4>
Submap pointer saved for vertex <0,4>.
Vertex ID: <0,5>, Timestamp (nanoseconds): 1739509728406241792
Distance from last submap: 1.1868 m
Rotation from last submap: 311.074 degrees
Creating new submap at vertex <0,5>
Transformation Matrix:
   0.999916   0.0100755  0.00811826    -1.18674
 -0.0100523    0.999945 -0.00290149  -0.0111869
-0.00814705  0.00281964    0.999963 -0.00340963
          0           0           0           1
Original cloud size: 105430
Transformed cloud size: 105430
Cropped cloud size: 32146
Point cloud associated with vertex <0,5>.
Submap pointer saved for vertex <0,5>.
Using previous submap for vertex <0,5>
Submap pointer saved for vertex <0,5>.
Vertex ID: <0,6>, Timestamp (nanoseconds): 1739509728606243584
Distance from last submap: 0.394146 m
Rotation from last submap: 1.94318 degrees
Using previous submap for vertex <0,6>
Submap pointer saved for vertex <0,6>.
Vertex ID: <0,7>, Timestamp (nanoseconds): 1739509728815335168
Distance from last submap: 0.812286 m
Rotation from last submap: 1.28496 degrees
Using previous submap for vertex <0,7>
Submap pointer saved for vertex <0,7>.
Vertex ID: <0,8>, Timestamp (nanoseconds): 1739509729015618560
Distance from last submap: 1.20298 m
Rotation from last submap: 3.16819 degrees
Using previous submap for vertex <0,8>
Submap pointer saved for vertex <0,8>.
Vertex ID: <0,9>, Timestamp (nanoseconds): 1739509729225827328
Distance from last submap: 1.62972 m
Rotation from last submap: 2.18123 degrees
Creating new submap at vertex <0,9>
Transformation Matrix:
  0.999545  0.0152362  0.0260262   -2.81624
 -0.016019   0.999417  0.0301386  0.0127472
-0.0255518 -0.0305418   0.999207  0.0286962
         0          0          0          1
Original cloud size: 105430
Transformed cloud size: 105430
Cropped cloud size: 33151
Point cloud associated with vertex <0,9>.
Submap pointer saved for vertex <0,9>.
Using previous submap for vertex <0,9>
Submap pointer saved for vertex <0,9>.
Vertex ID: <0,10>, Timestamp (nanoseconds): 1739509729436611328
Distance from last submap: 0.427361 m
Rotation from last submap: 2.93209 degrees
Using previous submap for vertex <0,10>
Submap pointer saved for vertex <0,10>.
Vertex ID: <0,11>, Timestamp (nanoseconds): 1739509729645845504
Distance from last submap: 0.849941 m
Rotation from last submap: 3.68467 degrees
Using previous submap for vertex <0,11>
Submap pointer saved for vertex <0,11>.
Vertex ID: <0,12>, Timestamp (nanoseconds): 1739509729847145728
Distance from last submap: 1.25063 m
Rotation from last submap: 309.67 degrees
Creating new submap at vertex <0,12>
Transformation Matrix:
   0.999469   0.0104917   -0.030854    -4.06381
-0.00958734    0.999524   0.0293149 -0.00458041
  0.0311469  -0.0290035    0.999094   -0.152384
          0           0           0           1
Original cloud size: 105430
Transformed cloud size: 105430
Cropped cloud size: 33631
Point cloud associated with vertex <0,12>.
Submap pointer saved for vertex <0,12>.
Using previous submap for vertex <0,12>
Submap pointer saved for vertex <0,12>.
Vertex ID: <0,13>, Timestamp (nanoseconds): 1739509730056658688
Distance from last submap: 0.410954 m
Rotation from last submap: 310.532 degrees
Creating new submap at vertex <0,13>
Transformation Matrix:
   0.999953  0.00927665  -0.0027873    -4.47742
-0.00921737    0.999746   0.0205772 -0.00882794
 0.00297748  -0.0205505    0.999784   -0.034981
          0           0           0           1
Original cloud size: 105430
Transformed cloud size: 105430
Cropped cloud size: 33698
Point cloud associated with vertex <0,13>.
Submap pointer saved for vertex <0,13>.
Using previous submap for vertex <0,13>
Submap pointer saved for vertex <0,13>.
Vertex ID: <0,14>, Timestamp (nanoseconds): 1739509730266720000
Distance from last submap: 0.41408 m
Rotation from last submap: 310.956 degrees
Creating new submap at vertex <0,14>
Transformation Matrix:
   0.999749  0.00993046   0.0200995    -4.89098
 -0.0103307    0.999748   0.0199076 -0.00391509
 -0.0198968  -0.0201102      0.9996   0.0787856
          0           0           0           1
Original cloud size: 105430
Transformed cloud size: 105430
Cropped cloud size: 33811
Point cloud associated with vertex <0,14>.
Submap pointer saved for vertex <0,14>.
Using previous submap for vertex <0,14>
Submap pointer saved for vertex <0,14>.
Vertex ID: <0,15>, Timestamp (nanoseconds): 1739509730467097344
Distance from last submap: 0.397083 m
Rotation from last submap: 0.469884 degrees
Using previous submap for vertex <0,15>
Submap pointer saved for vertex <0,15>.
Vertex ID: <0,16>, Timestamp (nanoseconds): 1739509730667468032
Distance from last submap: 0.801635 m
Rotation from last submap: 2.58074 degrees
Using previous submap for vertex <0,16>
Submap pointer saved for vertex <0,16>.
Vertex ID: <0,17>, Timestamp (nanoseconds): 1739509730876329472
Distance from last submap: 1.2208 m
Rotation from last submap: 3.12274 degrees
Using previous submap for vertex <0,17>
Submap pointer saved for vertex <0,17>.
Vertex ID: <0,18>, Timestamp (nanoseconds): 1739509731087387136
Distance from last submap: 1.64035 m
Rotation from last submap: 5.03834 degrees
Creating new submap at vertex <0,18>
Transformation Matrix:
  0.999616  0.0171742 -0.0217386    -6.5298
-0.0149927    0.99519  0.0968141   0.034604
 0.0232967 -0.0964511   0.995065  -0.162774
         0          0          0          1
Original cloud size: 105430
Transformed cloud size: 105430
Cropped cloud size: 35019
Point cloud associated with vertex <0,18>.
Submap pointer saved for vertex <0,18>.
Using previous submap for vertex <0,18>
Submap pointer saved for vertex <0,18>.
Vertex ID: <0,19>, Timestamp (nanoseconds): 1739509731296419584
Distance from last submap: 0.409423 m
Rotation from last submap: 310.653 degrees
Creating new submap at vertex <0,19>
Transformation Matrix:
    0.999938    0.0110995    0.0012229     -6.94126
  -0.0111646     0.995838    0.0904587    0.0052413
-0.000213763   -0.0904667     0.995899    -0.015739
           0            0            0            1
Original cloud size: 105430
Transformed cloud size: 105430
Cropped cloud size: 35082
Point cloud associated with vertex <0,19>.
Submap pointer saved for vertex <0,19>.
Using previous submap for vertex <0,19>
Submap pointer saved for vertex <0,19>.
Vertex ID: <0,20>, Timestamp (nanoseconds): 1739509731496985856
Distance from last submap: 0.377436 m
Rotation from last submap: 308.258 degrees
Creating new submap at vertex <0,20>
Transformation Matrix:
  0.999034 -0.0127926  0.0420457   -7.31073
 0.0107199   0.998734  0.0491576  -0.172678
-0.0426213 -0.0486593   0.997906   0.279657
         0          0          0          1
Original cloud size: 105430
Transformed cloud size: 105430
Cropped cloud size: 34793
Point cloud associated with vertex <0,20>.
Submap pointer saved for vertex <0,20>.
Using previous submap for vertex <0,20>
Submap pointer saved for vertex <0,20>.
Vertex ID: <0,21>, Timestamp (nanoseconds): 1739509731697647872
Distance from last submap: 0.40309 m
Rotation from last submap: 1.75924 degrees
Using previous submap for vertex <0,21>
Submap pointer saved for vertex <0,21>.
Vertex ID: <0,22>, Timestamp (nanoseconds): 1739509731898244864
Distance from last submap: 0.794067 m
Rotation from last submap: 309.406 degrees
Creating new submap at vertex <0,22>
Transformation Matrix:
   0.999174  -0.0265522   0.0307726    -8.10364
  0.0264689    0.999645  0.00311293    -0.30768
 -0.0308443 -0.00229584    0.999522     0.20713
          0           0           0           1
Original cloud size: 105430
Transformed cloud size: 105430
Cropped cloud size: 34605
Point cloud associated with vertex <0,22>.
Submap pointer saved for vertex <0,22>.
Using previous submap for vertex <0,22>
Submap pointer saved for vertex <0,22>.
Vertex ID: <0,23>, Timestamp (nanoseconds): 1739509732107340288
Distance from last submap: 0.426116 m
Rotation from last submap: 309.07 degrees
Creating new submap at vertex <0,23>
Transformation Matrix:
  0.999847 -0.0103935 -0.0140773   -8.53471
 0.0101568   0.999807 -0.0167878  -0.179575
 0.0142491  0.0166422    0.99976  -0.165995
         0          0          0          1
Original cloud size: 105430
Transformed cloud size: 105430
Cropped cloud size: 34618
Point cloud associated with vertex <0,23>.
Submap pointer saved for vertex <0,23>.
Using previous submap for vertex <0,23>
Submap pointer saved for vertex <0,23>.
Vertex ID: <0,24>, Timestamp (nanoseconds): 1739509732317334272
Distance from last submap: 0.42115 m
Rotation from last submap: 309.691 degrees
Creating new submap at vertex <0,24>
Transformation Matrix:
   0.99871  0.0484506 -0.0152142   -8.95058
-0.0487524   0.998608 -0.0201369   0.352965
 0.0142174  0.0208526   0.999681   -0.16794
         0          0          0          1
Original cloud size: 105430
Transformed cloud size: 105430
Cropped cloud size: 34660
Point cloud associated with vertex <0,24>.
Submap pointer saved for vertex <0,24>.
Using previous submap for vertex <0,24>
Submap pointer saved for vertex <0,24>.
Vertex ID: <0,25>, Timestamp (nanoseconds): 1739509732517658112
Distance from last submap: 0.385152 m
Rotation from last submap: 304.818 degrees
Creating new submap at vertex <0,25>
Transformation Matrix:
  0.982532   0.183861  0.0287435   -9.19556
 -0.182265   0.981938 -0.0507733    1.63151
-0.0375595  0.0446475   0.998296   0.287548
         0          0          0          1
Original cloud size: 105430
Transformed cloud size: 105430
Cropped cloud size: 34494
Point cloud associated with vertex <0,25>.
Submap pointer saved for vertex <0,25>.
Using previous submap for vertex <0,25>
Submap pointer saved for vertex <0,25>.
Vertex ID: <0,26>, Timestamp (nanoseconds): 1739509732717827328
Distance from last submap: 0.391733 m
Rotation from last submap: 305.16 degrees
Creating new submap at vertex <0,26>
Transformation Matrix:
  0.942867   0.326014  0.0686843   -9.22327
 -0.321551   0.944406 -0.0685706    3.00598
-0.0872208  0.0425675   0.995279   0.770437
         0          0          0          1
Original cloud size: 105430
Transformed cloud size: 105430
Cropped cloud size: 34556
Point cloud associated with vertex <0,26>.
Submap pointer saved for vertex <0,26>.
Using previous submap for vertex <0,26>
Submap pointer saved for vertex <0,26>.
Vertex ID: <0,27>, Timestamp (nanoseconds): 1739509732919367680
Distance from last submap: 0.401773 m
Rotation from last submap: 6.57063 degrees
Using previous submap for vertex <0,27>
Submap pointer saved for vertex <0,27>.
Vertex ID: <0,28>, Timestamp (nanoseconds): 1739509733128641792
Distance from last submap: 0.820228 m
Rotation from last submap: 304.646 degrees
Creating new submap at vertex <0,28>
Transformation Matrix:
  0.914707    0.40069 -0.0525285    -9.7676
 -0.403748   0.911679 -0.0763435    3.85523
  0.017299  0.0910402   0.995697  -0.309868
         0          0          0          1
Original cloud size: 105430
Transformed cloud size: 105430
Cropped cloud size: 34651
Point cloud associated with vertex <0,28>.
Submap pointer saved for vertex <0,28>.
Using previous submap for vertex <0,28>
Submap pointer saved for vertex <0,28>.
Vertex ID: <0,29>, Timestamp (nanoseconds): 1739509733338566656
Distance from last submap: 0.409254 m
Rotation from last submap: 4.33582 degrees
Using previous submap for vertex <0,29>
Submap pointer saved for vertex <0,29>.
Vertex ID: <0,30>, Timestamp (nanoseconds): 1739509733547907328
Distance from last submap: 0.831202 m
Rotation from last submap: 3.81661 degrees
Using previous submap for vertex <0,30>
Submap pointer saved for vertex <0,30>.
Vertex ID: <0,31>, Timestamp (nanoseconds): 1739509733749053184
Distance from last submap: 1.23298 m
Rotation from last submap: 3.69025 degrees
Using previous submap for vertex <0,31>
Submap pointer saved for vertex <0,31>.
Vertex ID: <0,32>, Timestamp (nanoseconds): 1739509733958364160
Distance from last submap: 1.64769 m
Rotation from last submap: 4.14155 degrees
Creating new submap at vertex <0,32>
Transformation Matrix:
  0.919843   0.392109 -0.0117925   -11.4691
 -0.392267    0.91968 -0.0177593    3.73659
0.00388172  0.0209616   0.999773  -0.124536
         0          0          0          1
Original cloud size: 105430
Transformed cloud size: 105430
Cropped cloud size: 35765
Point cloud associated with vertex <0,32>.
Submap pointer saved for vertex <0,32>.
Using previous submap for vertex <0,32>
Submap pointer saved for vertex <0,32>.
Vertex ID: <0,33>, Timestamp (nanoseconds): 1739509734169262592
Distance from last submap: 0.418153 m
Rotation from last submap: 0.267258 degrees
Using previous submap for vertex <0,33>
Submap pointer saved for vertex <0,33>.
Vertex ID: <0,34>, Timestamp (nanoseconds): 1739509734378816256
Distance from last submap: 0.840274 m
Rotation from last submap: 310.528 degrees
Creating new submap at vertex <0,34>
Transformation Matrix:
   0.92036   0.390009 -0.0288296   -12.3124
 -0.390883   0.919707 -0.0367321    3.71419
  0.012189  0.0450757   0.998909  -0.250632
         0          0          0          1
Original cloud size: 105430
Transformed cloud size: 105430
Cropped cloud size: 35849
Point cloud associated with vertex <0,34>.
Submap pointer saved for vertex <0,34>.
Using previous submap for vertex <0,34>
Submap pointer saved for vertex <0,34>.
Vertex ID: <0,35>, Timestamp (nanoseconds): 1739509734588096000
Distance from last submap: 0.423792 m
Rotation from last submap: 309.98 degrees
Creating new submap at vertex <0,35>
Transformation Matrix:
  0.922772   0.378923 -0.0700669   -12.7496
 -0.382171   0.923207  -0.040421    3.58553
 0.0493698  0.0640769   0.996723  -0.772111
         0          0          0          1
Original cloud size: 105430
Transformed cloud size: 105430
Cropped cloud size: 35966
Point cloud associated with vertex <0,35>.
Submap pointer saved for vertex <0,35>.
Using previous submap for vertex <0,35>
Submap pointer saved for vertex <0,35>.
Vertex ID: <0,36>, Timestamp (nanoseconds): 1739509734798189568
Distance from last submap: 0.397064 m
Rotation from last submap: 4.32704 degrees
Using previous submap for vertex <0,36>
Submap pointer saved for vertex <0,36>.
Vertex ID: <0,37>, Timestamp (nanoseconds): 1739509734999395328
Distance from last submap: 0.785087 m
Rotation from last submap: 306.251 degrees
Creating new submap at vertex <0,37>
Transformation Matrix:
  0.904863    0.42428  0.0347761    -13.371
 -0.421927   0.904696 -0.0591881    4.13731
-0.0565741  0.0388842   0.997641   0.705786
         0          0          0          1
Original cloud size: 105430
Transformed cloud size: 105430
Cropped cloud size: 36074
Point cloud associated with vertex <0,37>.
Submap pointer saved for vertex <0,37>.
Using previous submap for vertex <0,37>
Submap pointer saved for vertex <0,37>.
Vertex ID: <0,38>, Timestamp (nanoseconds): 1739509735208711424
Distance from last submap: 0.413538 m
Rotation from last submap: 3.71589 degrees
Using previous submap for vertex <0,38>
Submap pointer saved for vertex <0,38>.
Vertex ID: <0,39>, Timestamp (nanoseconds): 1739509735409236992
Distance from last submap: 0.811418 m
Rotation from last submap: 3.411 degrees
Using previous submap for vertex <0,39>
Submap pointer saved for vertex <0,39>.
Vertex ID: <0,40>, Timestamp (nanoseconds): 1739509735610081792
Distance from last submap: 1.21004 m
Rotation from last submap: 3.42848 degrees
Using previous submap for vertex <0,40>
Submap pointer saved for vertex <0,40>.
Vertex ID: <0,41>, Timestamp (nanoseconds): 1739509735819431680
Distance from last submap: 1.62841 m
Rotation from last submap: 3.32941 degrees
Creating new submap at vertex <0,41>
Transformation Matrix:
  0.900559   0.434728 0.00236203   -14.9592
  -0.43467   0.900505 -0.0123948    4.33645
-0.0075154  0.0101356    0.99992  0.0651085
         0          0          0          1
Original cloud size: 105430
Transformed cloud size: 105430
Cropped cloud size: 36800
Point cloud associated with vertex <0,41>.
Submap pointer saved for vertex <0,41>.
Using previous submap for vertex <0,41>
Submap pointer saved for vertex <0,41>.
Vertex ID: <0,42>, Timestamp (nanoseconds): 1739509736019454720
Distance from last submap: 0.399368 m
Rotation from last submap: 311.643 degrees
Creating new submap at vertex <0,42>
Transformation Matrix:
  0.900949   0.433907 0.00403478   -15.3625
 -0.433821   0.900896 -0.0136167    4.32229
-0.0095433  0.0105176   0.999899  0.0959262
         0          0          0          1
Original cloud size: 105430
Transformed cloud size: 105430
Cropped cloud size: 36862
Point cloud associated with vertex <0,42>.
Submap pointer saved for vertex <0,42>.
Using previous submap for vertex <0,42>
Submap pointer saved for vertex <0,42>.
Vertex ID: <0,43>, Timestamp (nanoseconds): 1739509736220216576
Distance from last submap: 0.399812 m
Rotation from last submap: 0.376841 degrees
Using previous submap for vertex <0,43>
Submap pointer saved for vertex <0,43>.
Vertex ID: <0,44>, Timestamp (nanoseconds): 1739509736430457088
Distance from last submap: 0.818411 m
Rotation from last submap: 0.793608 degrees
Using previous submap for vertex <0,44>
Submap pointer saved for vertex <0,44>.
Vertex ID: <0,45>, Timestamp (nanoseconds): 1739509736639534592
Distance from last submap: 1.23567 m
Rotation from last submap: 0.995057 degrees
Using previous submap for vertex <0,45>
Submap pointer saved for vertex <0,45>.
Vertex ID: <0,46>, Timestamp (nanoseconds): 1739509736839778816
Distance from last submap: 1.63311 m
Rotation from last submap: 1.28506 degrees
Creating new submap at vertex <0,46>
Transformation Matrix:
   0.899096    0.437701  0.00659551     -16.977
  -0.437744    0.899062  0.00823288     4.39335
-0.00232623  -0.0102893    0.999944   0.0456402
          0           0           0           1
Original cloud size: 105430
Transformed cloud size: 105430
Cropped cloud size: 37058
Point cloud associated with vertex <0,46>.
Submap pointer saved for vertex <0,46>.
Using previous submap for vertex <0,46>
Submap pointer saved for vertex <0,46>.
Vertex ID: <0,47>, Timestamp (nanoseconds): 1739509737039999744
Distance from last submap: 0.397029 m
Rotation from last submap: 0.518124 degrees
Using previous submap for vertex <0,47>
Submap pointer saved for vertex <0,47>.
Vertex ID: <0,48>, Timestamp (nanoseconds): 1739509737240013312
Distance from last submap: 0.800461 m
Rotation from last submap: 311.439 degrees
Creating new submap at vertex <0,48>
Transformation Matrix:
   0.899127    0.437676 -0.00315868    -17.7776
  -0.437641    0.899113      0.0081     4.39283
 0.00638518 -0.00590057    0.999962   -0.122522
          0           0           0           1
Original cloud size: 105430
Transformed cloud size: 105430
Cropped cloud size: 37014
Point cloud associated with vertex <0,48>.
Submap pointer saved for vertex <0,48>.
Using previous submap for vertex <0,48>
Submap pointer saved for vertex <0,48>.
Vertex ID: <0,49>, Timestamp (nanoseconds): 1739509737449918208
Distance from last submap: 0.426727 m
Rotation from last submap: 310.808 degrees
Creating new submap at vertex <0,49>
Transformation Matrix:
  0.899133   0.436834 -0.0271426   -18.2005
 -0.436899   0.899503 0.00380141    4.37641
 0.0260754 0.00844058   0.999624  -0.535807
         0          0          0          1
Original cloud size: 105430
Transformed cloud size: 105430
Cropped cloud size: 36952
Point cloud associated with vertex <0,49>.
Submap pointer saved for vertex <0,49>.
Using previous submap for vertex <0,49>
Submap pointer saved for vertex <0,49>.
Vertex ID: <0,50>, Timestamp (nanoseconds): 1739509737659781376
Distance from last submap: 0.423365 m
Rotation from last submap: 311.24 degrees
Creating new submap at vertex <0,50>
Transformation Matrix:
  0.898533   0.437767 -0.0316174   -18.6164
 -0.438163   0.898872 -0.0065591     4.3991
 0.0255486  0.0197471   0.999479   -0.57689
         0          0          0          1
Original cloud size: 105430
Transformed cloud size: 105430
Cropped cloud size: 36865
Point cloud associated with vertex <0,50>.
Submap pointer saved for vertex <0,50>.
Using previous submap for vertex <0,50>
Submap pointer saved for vertex <0,50>.
Vertex ID: <0,51>, Timestamp (nanoseconds): 1739509737870563328
Distance from last submap: 0.41503 m
Rotation from last submap: 1.16029 degrees
Using previous submap for vertex <0,51>
Submap pointer saved for vertex <0,51>.
Vertex ID: <0,52>, Timestamp (nanoseconds): 1739509738070988288
Distance from last submap: 0.812951 m
Rotation from last submap: 310.732 degrees
Creating new submap at vertex <0,52>
Transformation Matrix:
    0.898479     0.438997  -0.00406725      -19.434
   -0.439015     0.898429  -0.00954195      4.41694
-0.000534747    0.0103588     0.999946    -0.039973
           0            0            0            1
Original cloud size: 105430
Transformed cloud size: 105430
Cropped cloud size: 36813
Point cloud associated with vertex <0,52>.
Submap pointer saved for vertex <0,52>.
Using previous submap for vertex <0,52>
Submap pointer saved for vertex <0,52>.
Vertex ID: <0,53>, Timestamp (nanoseconds): 1739509738281200640
Distance from last submap: 0.417704 m
Rotation from last submap: 311.544 degrees
Creating new submap at vertex <0,53>
Transformation Matrix:
     0.89921     0.437517 -0.000392977     -19.8591
   -0.437495     0.899154   -0.0109955      4.38314
 -0.00445736    0.0100592     0.999939    0.0357227
           0            0            0            1
Original cloud size: 105430
Transformed cloud size: 105430
Cropped cloud size: 36780
Point cloud associated with vertex <0,53>.
Submap pointer saved for vertex <0,53>.
Using previous submap for vertex <0,53>
Submap pointer saved for vertex <0,53>.
Vertex ID: <0,54>, Timestamp (nanoseconds): 1739509738491133696
Distance from last submap: 0.414861 m
Rotation from last submap: 310.862 degrees
Creating new submap at vertex <0,54>
Transformation Matrix:
  0.899486    0.43656  0.0184705   -20.2749
 -0.436258   0.899636 -0.0182495    4.35425
-0.0245838 0.00835723   0.999663   0.444912
         0          0          0          1
Original cloud size: 105430
Transformed cloud size: 105430
Cropped cloud size: 36723
Point cloud associated with vertex <0,54>.
Submap pointer saved for vertex <0,54>.
Using previous submap for vertex <0,54>
Submap pointer saved for vertex <0,54>.
Vertex ID: <0,55>, Timestamp (nanoseconds): 1739509738701703680
Distance from last submap: 0.413871 m
Rotation from last submap: 311.112 degrees
Creating new submap at vertex <0,55>
Transformation Matrix:
  0.898646   0.437461  0.0326085   -20.6764
 -0.436898   0.899213 -0.0231451    4.36845
-0.0394471 0.00655269     0.9992   0.757679
         0          0          0          1
Original cloud size: 105430
Transformed cloud size: 105430
Cropped cloud size: 36635
Point cloud associated with vertex <0,55>.
Submap pointer saved for vertex <0,55>.
Using previous submap for vertex <0,55>
Submap pointer saved for vertex <0,55>.
Vertex ID: <0,56>, Timestamp (nanoseconds): 1739509738910478848
Distance from last submap: 0.415576 m
Rotation from last submap: 311.284 degrees
Creating new submap at vertex <0,56>
Transformation Matrix:
   0.89776   0.438401  0.0427941   -21.0788
  -0.43762   0.898764 -0.0266707    4.38519
-0.0501543 0.00521628   0.998728    0.98591
         0          0          0          1
Original cloud size: 105430
Transformed cloud size: 105430
Cropped cloud size: 36584
Point cloud associated with vertex <0,56>.
Submap pointer saved for vertex <0,56>.
Using previous submap for vertex <0,56>
Submap pointer saved for vertex <0,56>.
Vertex ID: <0,57>, Timestamp (nanoseconds): 1739509739110956032
Distance from last submap: 0.398947 m
Rotation from last submap: 1.01069 degrees
Using previous submap for vertex <0,57>
Submap pointer saved for vertex <0,57>.
Vertex ID: <0,58>, Timestamp (nanoseconds): 1739509739310984960
Distance from last submap: 0.807609 m
Rotation from last submap: 3.33265 degrees
Using previous submap for vertex <0,58>
Submap pointer saved for vertex <0,58>.
Vertex ID: <0,59>, Timestamp (nanoseconds): 1739509739511569664
Distance from last submap: 1.21537 m
Rotation from last submap: 5.48496 degrees
Using previous submap for vertex <0,59>
Submap pointer saved for vertex <0,59>.
Vertex ID: <0,60>, Timestamp (nanoseconds): 1739509739722428928
Distance from last submap: 1.63074 m
Rotation from last submap: 4.6179 degrees
Creating new submap at vertex <0,60>
Transformation Matrix:
    0.89741    0.440523  -0.0244074    -22.7109
  -0.440196    0.897727   0.0177307     4.44374
   0.029722 -0.00516763    0.999545   -0.659953
          0           0           0           1
Original cloud size: 105430
Transformed cloud size: 105430
Cropped cloud size: 36832
Point cloud associated with vertex <0,60>.
Submap pointer saved for vertex <0,60>.
Using previous submap for vertex <0,60>
Submap pointer saved for vertex <0,60>.
Vertex ID: <0,61>, Timestamp (nanoseconds): 1739509739931671040
Distance from last submap: 0.41797 m
Rotation from last submap: 311.116 degrees
Creating new submap at vertex <0,61>
Transformation Matrix:
   0.899995    0.435698  -0.0133129    -23.1579
  -0.435519    0.900064   0.0144033      4.3259
  0.0182579 -0.00716489    0.999808   -0.388431
          0           0           0           1
Original cloud size: 105430
Transformed cloud size: 105430
Cropped cloud size: 36751
Point cloud associated with vertex <0,61>.
Submap pointer saved for vertex <0,61>.
Using previous submap for vertex <0,61>
Submap pointer saved for vertex <0,61>.
Vertex ID: <0,62>, Timestamp (nanoseconds): 1739509740131793920
Distance from last submap: 0.395169 m
Rotation from last submap: 310.75 degrees
Creating new submap at vertex <0,62>
Transformation Matrix:
    0.899871     0.436156 -0.000481997     -23.5533
   -0.436155     0.899866   -0.0031829      4.33587
-0.000954506   0.00307442     0.999995   -0.0149235
           0            0            0            1
Original cloud size: 105430
Transformed cloud size: 105430
Cropped cloud size: 36577
Point cloud associated with vertex <0,62>.
Submap pointer saved for vertex <0,62>.
Using previous submap for vertex <0,62>
Submap pointer saved for vertex <0,62>.
Vertex ID: <0,63>, Timestamp (nanoseconds): 1739509740331801600
Distance from last submap: 0.400938 m
Rotation from last submap: 0.307925 degrees
Using previous submap for vertex <0,63>
Submap pointer saved for vertex <0,63>.
Vertex ID: <0,64>, Timestamp (nanoseconds): 1739509740541648384
Distance from last submap: 0.821547 m
Rotation from last submap: 311.17 degrees
Creating new submap at vertex <0,64>
Transformation Matrix:
  0.896767   0.442362 -0.0111583   -24.3425
 -0.442423   0.896799 -0.0035893    4.50401
0.00841903 0.00815547   0.999931  -0.267969
         0          0          0          1
Original cloud size: 105430
Transformed cloud size: 105430
Cropped cloud size: 36524
Point cloud associated with vertex <0,64>.
Submap pointer saved for vertex <0,64>.
Using previous submap for vertex <0,64>
Submap pointer saved for vertex <0,64>.
Vertex ID: <0,65>, Timestamp (nanoseconds): 1739509740742287616
Distance from last submap: 0.393201 m
Rotation from last submap: 310.634 degrees
Creating new submap at vertex <0,65>
Transformation Matrix:
   0.900508    0.434644   0.0130459    -24.7731
  -0.434617    0.900602 -0.00496661     4.28725
 -0.0139079 -0.00119749    0.999903    0.330988
          0           0           0           1
Original cloud size: 105430
Transformed cloud size: 105430
Cropped cloud size: 36441
Point cloud associated with vertex <0,65>.
Submap pointer saved for vertex <0,65>.
Using previous submap for vertex <0,65>
Submap pointer saved for vertex <0,65>.
Vertex ID: <0,66>, Timestamp (nanoseconds): 1739509740952180736
Distance from last submap: 0.414089 m
Rotation from last submap: 311.297 degrees
Creating new submap at vertex <0,66>
Transformation Matrix:
   0.900953    0.433295   0.0232117    -25.1887
  -0.433241    0.901246 -0.00757882     4.24815
 -0.0242033  -0.0032281    0.999702    0.600248
          0           0           0           1
Original cloud size: 105430
Transformed cloud size: 105430
Cropped cloud size: 36339
Point cloud associated with vertex <0,66>.
Submap pointer saved for vertex <0,66>.
Using previous submap for vertex <0,66>
Submap pointer saved for vertex <0,66>.
Vertex ID: <0,67>, Timestamp (nanoseconds): 1739509741162192640
Distance from last submap: 0.423062 m
Rotation from last submap: 310.885 degrees
Creating new submap at vertex <0,67>
Transformation Matrix:
  0.900475   0.434879 0.00500863    -25.611
 -0.434776   0.900426 -0.0142565     4.2899
-0.0107098    0.01066   0.999886   0.168922
         0          0          0          1
Original cloud size: 105430
Transformed cloud size: 105430
Cropped cloud size: 36200
Point cloud associated with vertex <0,67>.
Submap pointer saved for vertex <0,67>.
Using previous submap for vertex <0,67>
Submap pointer saved for vertex <0,67>.
Vertex ID: <0,68>, Timestamp (nanoseconds): 1739509741371983872
Distance from last submap: 0.426059 m
Rotation from last submap: 310.826 degrees
Creating new submap at vertex <0,68>
Transformation Matrix:
    0.899535     0.436696   -0.0115276     -26.0264
   -0.436848      0.89922   -0.0238309      4.34886
-4.09472e-05    0.0264725      0.99965    -0.218033
           0            0            0            1
Original cloud size: 105430
Transformed cloud size: 105430
Cropped cloud size: 36128
Point cloud associated with vertex <0,68>.
Submap pointer saved for vertex <0,68>.
Using previous submap for vertex <0,68>
Submap pointer saved for vertex <0,68>.
Vertex ID: <0,69>, Timestamp (nanoseconds): 1739509741581854208
Distance from last submap: 0.423073 m
Rotation from last submap: 311.399 degrees
Creating new submap at vertex <0,69>
Transformation Matrix:
  0.899749   0.435859 -0.0218935   -26.4484
 -0.436311   0.899474 -0.0240591    4.33335
0.00920626  0.0311995   0.999471  -0.488365
         0          0          0          1
Original cloud size: 105430
Transformed cloud size: 105430
Cropped cloud size: 36084
Point cloud associated with vertex <0,69>.
Submap pointer saved for vertex <0,69>.
Using previous submap for vertex <0,69>
Submap pointer saved for vertex <0,69>.
Vertex ID: <0,70>, Timestamp (nanoseconds): 1739509741783170304
Distance from last submap: 0.403552 m
Rotation from last submap: 311.418 degrees
Creating new submap at vertex <0,70>
Transformation Matrix:
  0.900103   0.434618 -0.0303709   -26.8515
 -0.435369   0.899901  -0.025143    4.30509
 0.0164032  0.0358538   0.999222  -0.711355
         0          0          0          1
Original cloud size: 105430
Transformed cloud size: 105430
Cropped cloud size: 35991
Point cloud associated with vertex <0,70>.
Submap pointer saved for vertex <0,70>.
Using previous submap for vertex <0,70>
Submap pointer saved for vertex <0,70>.
Vertex ID: <0,71>, Timestamp (nanoseconds): 1739509741993363456
Distance from last submap: 0.419908 m
Rotation from last submap: 311.656 degrees
Creating new submap at vertex <0,71>
Transformation Matrix:
  0.899203   0.436542 -0.0293942    -27.263
 -0.437262   0.898976 -0.0253683    4.36176
 0.0153503  0.0356642   0.999246  -0.684474
         0          0          0          1
Original cloud size: 105430
Transformed cloud size: 105430
Cropped cloud size: 35883
Point cloud associated with vertex <0,71>.
Submap pointer saved for vertex <0,71>.
Using previous submap for vertex <0,71>
Submap pointer saved for vertex <0,71>.
Vertex ID: <0,72>, Timestamp (nanoseconds): 1739509742203195648
Distance from last submap: 0.41668 m
Rotation from last submap: 311.295 degrees
Creating new submap at vertex <0,72>
Transformation Matrix:
  0.899237    0.43715 -0.0165386   -27.6853
 -0.437451   0.898847 -0.0266627    4.36729
0.00321005  0.0312109   0.999508  -0.326726
         0          0          0          1
Original cloud size: 105430
Transformed cloud size: 105430
Cropped cloud size: 35733
Point cloud associated with vertex <0,72>.
Submap pointer saved for vertex <0,72>.
Using previous submap for vertex <0,72>
Submap pointer saved for vertex <0,72>.
Vertex ID: <0,73>, Timestamp (nanoseconds): 1739509742413572864
Distance from last submap: 0.412042 m
Rotation from last submap: 1.36317 degrees
Using previous submap for vertex <0,73>
Submap pointer saved for vertex <0,73>.
Vertex ID: <0,74>, Timestamp (nanoseconds): 1739509742623563520
Distance from last submap: 0.826162 m
Rotation from last submap: 2.49421 degrees
Using previous submap for vertex <0,74>
Submap pointer saved for vertex <0,74>.
Vertex ID: <0,75>, Timestamp (nanoseconds): 1739509742832899840
Distance from last submap: 1.25282 m
Rotation from last submap: 2.39375 degrees
Using previous submap for vertex <0,75>
Submap pointer saved for vertex <0,75>.
Vertex ID: <0,76>, Timestamp (nanoseconds): 1739509743033653248
Distance from last submap: 1.63719 m
Rotation from last submap: 8.39747 degrees
Creating new submap at vertex <0,76>
Transformation Matrix:
   0.826586    0.562664  -0.0128024    -28.3835
  -0.562756    0.826609 -0.00492348     8.56544
 0.00781234   0.0112743    0.999906   -0.313299
          0           0           0           1
Original cloud size: 105430
Transformed cloud size: 105430
Cropped cloud size: 35368
Point cloud associated with vertex <0,76>.
Submap pointer saved for vertex <0,76>.
Using previous submap for vertex <0,76>
Submap pointer saved for vertex <0,76>.
Vertex ID: <0,77>, Timestamp (nanoseconds): 1739509743244252672
Distance from last submap: 0.396899 m
Rotation from last submap: 9.35286 degrees
Using previous submap for vertex <0,77>
Submap pointer saved for vertex <0,77>.
Vertex ID: <0,78>, Timestamp (nanoseconds): 1739509743453352192
Distance from last submap: 0.800159 m
Rotation from last submap: 15.3788 degrees
Using previous submap for vertex <0,78>
Submap pointer saved for vertex <0,78>.
Vertex ID: <0,79>, Timestamp (nanoseconds): 1739509743654558464
Distance from last submap: 1.18506 m
Rotation from last submap: 20.4124 degrees
Using previous submap for vertex <0,79>
Submap pointer saved for vertex <0,79>.
Vertex ID: <0,80>, Timestamp (nanoseconds): 1739509743864670464
Distance from last submap: 1.58659 m
Rotation from last submap: 24.504 degrees
Creating new submap at vertex <0,80>
Transformation Matrix:
  0.519687   0.853548 -0.0371751   -23.8326
  -0.85268   0.520901  0.0399997     19.855
 0.0535062  0.0109111   0.998508   -1.64441
         0          0          0          1
Original cloud size: 105430
Transformed cloud size: 105430
Cropped cloud size: 35526
Point cloud associated with vertex <0,80>.
Submap pointer saved for vertex <0,80>.
Using previous submap for vertex <0,80>
Submap pointer saved for vertex <0,80>.
Vertex ID: <0,81>, Timestamp (nanoseconds): 1739509744074670336
Distance from last submap: 0.408825 m
Rotation from last submap: 309.892 degrees
Creating new submap at vertex <0,81>
Transformation Matrix:
   0.505899    0.862541 -0.00942464     -23.925
   -0.86211    0.505951    0.027933     20.2862
  0.0288617 -0.00600618    0.999565   -0.753765
          0           0           0           1
Original cloud size: 105430
Transformed cloud size: 105430
Cropped cloud size: 35501
Point cloud associated with vertex <0,81>.
Submap pointer saved for vertex <0,81>.
Using previous submap for vertex <0,81>
Submap pointer saved for vertex <0,81>.
Vertex ID: <0,82>, Timestamp (nanoseconds): 1739509744274869760
Distance from last submap: 0.392051 m
Rotation from last submap: 310.274 degrees
Creating new submap at vertex <0,82>
Transformation Matrix:
  0.517408    0.85551   0.019787   -24.5834
 -0.855663   0.516918  0.0252228    19.9732
 0.0113501 -0.0299815   0.999486  0.0305497
         0          0          0          1
Original cloud size: 105430
Transformed cloud size: 105430
Cropped cloud size: 35589
Point cloud associated with vertex <0,82>.
Submap pointer saved for vertex <0,82>.
Using previous submap for vertex <0,82>
Submap pointer saved for vertex <0,82>.
Vertex ID: <0,83>, Timestamp (nanoseconds): 1739509744475220736
Distance from last submap: 0.405335 m
Rotation from last submap: 310.481 degrees
Creating new submap at vertex <0,83>
Transformation Matrix:
   0.511927    0.858997  0.00744866    -24.8632
  -0.859029    0.511902  0.00503423     20.1226
0.000511405 -0.00897577     0.99996    0.134134
          0           0           0           1
Original cloud size: 105430
Transformed cloud size: 105430
Cropped cloud size: 35402
Point cloud associated with vertex <0,83>.
Submap pointer saved for vertex <0,83>.
Using previous submap for vertex <0,83>
Submap pointer saved for vertex <0,83>.
Vertex ID: <0,84>, Timestamp (nanoseconds): 1739509744684562688
Distance from last submap: 0.423689 m
Rotation from last submap: 309.72 degrees
Creating new submap at vertex <0,84>
Transformation Matrix:
  0.507498   0.861045 -0.0323716   -25.1785
  -0.86163   0.507401 -0.0117542    20.2442
0.00630446  0.0338576   0.999407  -0.522132
         0          0          0          1
Original cloud size: 105430
Transformed cloud size: 105430
Cropped cloud size: 35345
Point cloud associated with vertex <0,84>.
Submap pointer saved for vertex <0,84>.
Using previous submap for vertex <0,84>
Submap pointer saved for vertex <0,84>.
Vertex ID: <0,85>, Timestamp (nanoseconds): 1739509744885716992
Distance from last submap: 0.399933 m
Rotation from last submap: 311.583 degrees
Creating new submap at vertex <0,85>
Transformation Matrix:
  0.508117   0.860829 -0.0281082   -25.5945
 -0.861281   0.507977 -0.0124609     20.227
0.00355164  0.0305406   0.999527  -0.401957
         0          0          0          1
Original cloud size: 105430
Transformed cloud size: 105430
Cropped cloud size: 35511
Point cloud associated with vertex <0,85>.
Submap pointer saved for vertex <0,85>.
Using previous submap for vertex <0,85>
Submap pointer saved for vertex <0,85>.
Vertex ID: <0,86>, Timestamp (nanoseconds): 1739509745095321600
Distance from last submap: 0.418584 m
Rotation from last submap: 0.273725 degrees
Using previous submap for vertex <0,86>
Submap pointer saved for vertex <0,86>.
Vertex ID: <0,87>, Timestamp (nanoseconds): 1739509745305670144
Distance from last submap: 0.837387 m
Rotation from last submap: 0.558892 degrees
Using previous submap for vertex <0,87>
Submap pointer saved for vertex <0,87>.
Vertex ID: <0,88>, Timestamp (nanoseconds): 1739509745515767296
