[36m00:10:07.473 139841455669248 INFO [configure.cpp:47] [default] Logging to: example_log.txt
[0m[36m00:10:07.473 139841455669248 INFO [configure.cpp:49] [default] Enabled loggers: [test]
[0mPoint cloud loaded successfully.
Vertex ID: <0,0>, Timestamp (nanoseconds): 1739822971049339648
Creating new submap at vertex <0,0>
Transformation Matrix:
1 0 0 0
0 1 0 0
0 0 1 0
0 0 0 1
Original cloud size: 1000841
Transformed cloud size: 1000841
Cropped cloud size: 196135
Point cloud associated with vertex <0,0>.
Submap pointer saved for vertex <0,0>.
Using previous submap for vertex <0,0>
Submap pointer saved for vertex <0,0>.
Vertex ID: <0,1>, Timestamp (nanoseconds): 1739822971262157568
Distance from last submap: 0.0303873 m
Rotation from last submap: 0.0999192 degrees
Using previous submap for vertex <0,1>
Submap pointer saved for vertex <0,1>.
Vertex ID: <0,2>, Timestamp (nanoseconds): 1739822971470298624
Distance from last submap: 0.0786999 m
Rotation from last submap: 0.513479 degrees
Using previous submap for vertex <0,2>
Submap pointer saved for vertex <0,2>.
Vertex ID: <0,3>, Timestamp (nanoseconds): 1739822971671716864
Distance from last submap: 0.172027 m
Rotation from last submap: 0.655642 degrees
Using previous submap for vertex <0,3>
Submap pointer saved for vertex <0,3>.
Vertex ID: <0,4>, Timestamp (nanoseconds): 1739822971874909440
Distance from last submap: 0.343146 m
Rotation from last submap: 0.654252 degrees
Using previous submap for vertex <0,4>
Submap pointer saved for vertex <0,4>.
Vertex ID: <0,5>, Timestamp (nanoseconds): 1739822972077175040
Distance from last submap: 0.545988 m
Rotation from last submap: 0.675665 degrees
Using previous submap for vertex <0,5>
Submap pointer saved for vertex <0,5>.
Vertex ID: <0,6>, Timestamp (nanoseconds): 1739822972287178496
Distance from last submap: 0.79253 m
Rotation from last submap: 0.859654 degrees
Using previous submap for vertex <0,6>
Submap pointer saved for vertex <0,6>.
Vertex ID: <0,7>, Timestamp (nanoseconds): 1739822972487501056
Distance from last submap: 1.00951 m
Rotation from last submap: 2.41852 degrees
Using previous submap for vertex <0,7>
Submap pointer saved for vertex <0,7>.
Vertex ID: <0,8>, Timestamp (nanoseconds): 1739822972694137600
Distance from last submap: 1.21878 m
Rotation from last submap: 7.37125 degrees
Using previous submap for vertex <0,8>
Submap pointer saved for vertex <0,8>.
Vertex ID: <0,9>, Timestamp (nanoseconds): 1739822972901135616
Distance from last submap: 1.46798 m
Rotation from last submap: 12.8923 degrees
Using previous submap for vertex <0,9>
Submap pointer saved for vertex <0,9>.
Vertex ID: <0,10>, Timestamp (nanoseconds): 1739822973103293696
Distance from last submap: 1.69954 m
Rotation from last submap: 12.8432 degrees
Creating new submap at vertex <0,10>
Transformation Matrix:
    0.97505     -0.2217  -0.0112687    -1.66343
   0.221807    0.975046  0.00936853   -0.348462
 0.00891046  -0.0116343    0.999893 -0.00504724
          0           0           0           1
Original cloud size: 1000841
Transformed cloud size: 1000841
Cropped cloud size: 203368
Point cloud associated with vertex <0,10>.
Submap pointer saved for vertex <0,10>.
Using previous submap for vertex <0,10>
Submap pointer saved for vertex <0,10>.
Vertex ID: <0,11>, Timestamp (nanoseconds): 1739822973311693056
Distance from last submap: 0.245643 m
Rotation from last submap: 0.113227 degrees
Using previous submap for vertex <0,11>
Submap pointer saved for vertex <0,11>.
Vertex ID: <0,12>, Timestamp (nanoseconds): 1739822973521612032
Distance from last submap: 0.490745 m
Rotation from last submap: 0.287084 degrees
Using previous submap for vertex <0,12>
Submap pointer saved for vertex <0,12>.
Vertex ID: <0,13>, Timestamp (nanoseconds): 1739822973722923520
Distance from last submap: 0.725791 m
Rotation from last submap: 0.236707 degrees
Using previous submap for vertex <0,13>
Submap pointer saved for vertex <0,13>.
Vertex ID: <0,14>, Timestamp (nanoseconds): 1739822973926444544
Distance from last submap: 0.958117 m
Rotation from last submap: 0.2141 degrees
Using previous submap for vertex <0,14>
Submap pointer saved for vertex <0,14>.
Vertex ID: <0,15>, Timestamp (nanoseconds): 1739822974127301376
Distance from last submap: 1.19103 m
Rotation from last submap: 0.25998 degrees
Using previous submap for vertex <0,15>
Submap pointer saved for vertex <0,15>.
Vertex ID: <0,16>, Timestamp (nanoseconds): 1739822974328230656
Distance from last submap: 1.42764 m
Rotation from last submap: 0.442616 degrees
Using previous submap for vertex <0,16>
Submap pointer saved for vertex <0,16>.
Vertex ID: <0,17>, Timestamp (nanoseconds): 1739822974533470976
Distance from last submap: 1.6694 m
Rotation from last submap: 0.524758 degrees
Creating new submap at vertex <0,17>
Transformation Matrix:
  0.974441  -0.223953 -0.0175829   -3.33191
  0.224227   0.974413  0.0155351  -0.353598
 0.0136538 -0.0190806   0.999725 -0.0209422
         0          0          0          1
Original cloud size: 1000841
Transformed cloud size: 1000841
Cropped cloud size: 210888
Point cloud associated with vertex <0,17>.
Submap pointer saved for vertex <0,17>.
Using previous submap for vertex <0,17>
Submap pointer saved for vertex <0,17>.
Vertex ID: <0,18>, Timestamp (nanoseconds): 1739822974740310272
Distance from last submap: 0.25354 m
Rotation from last submap: 0.245627 degrees
Using previous submap for vertex <0,18>
Submap pointer saved for vertex <0,18>.
Vertex ID: <0,19>, Timestamp (nanoseconds): 1739822974945101824
Distance from last submap: 0.494935 m
Rotation from last submap: 0.248194 degrees
Using previous submap for vertex <0,19>
Submap pointer saved for vertex <0,19>.
Vertex ID: <0,20>, Timestamp (nanoseconds): 1739822975146835712
Distance from last submap: 0.726537 m
Rotation from last submap: 0.446834 degrees
Using previous submap for vertex <0,20>
Submap pointer saved for vertex <0,20>.
Vertex ID: <0,21>, Timestamp (nanoseconds): 1739822975349244672
Distance from last submap: 0.990669 m
Rotation from last submap: 0.71518 degrees
Using previous submap for vertex <0,21>
Submap pointer saved for vertex <0,21>.
Vertex ID: <0,22>, Timestamp (nanoseconds): 1739822975558571008
Distance from last submap: 1.25325 m
Rotation from last submap: 0.836238 degrees
Using previous submap for vertex <0,22>
Submap pointer saved for vertex <0,22>.
Vertex ID: <0,23>, Timestamp (nanoseconds): 1739822975764361216
Distance from last submap: 1.51391 m
Rotation from last submap: 1.00704 degrees
Creating new submap at vertex <0,23>
Transformation Matrix:
   0.974081   -0.226199 -0.00101434    -4.84493
    0.22617    0.973863   0.0209374   -0.362549
 -0.0037482  -0.0206242     0.99978   0.0489155
          0           0           0           1
Original cloud size: 1000841
Transformed cloud size: 1000841
Cropped cloud size: 217189
Point cloud associated with vertex <0,23>.
Submap pointer saved for vertex <0,23>.
Using previous submap for vertex <0,23>
Submap pointer saved for vertex <0,23>.
Vertex ID: <0,24>, Timestamp (nanoseconds): 1739822975972622080
Distance from last submap: 0.264319 m
Rotation from last submap: 0.195645 degrees
Using previous submap for vertex <0,24>
Submap pointer saved for vertex <0,24>.
Vertex ID: <0,25>, Timestamp (nanoseconds): 1739822976177563392
Distance from last submap: 0.526899 m
Rotation from last submap: 0.366832 degrees
Using previous submap for vertex <0,25>
Submap pointer saved for vertex <0,25>.
Vertex ID: <0,26>, Timestamp (nanoseconds): 1739822976386650880
Distance from last submap: 0.790056 m
Rotation from last submap: 0.58769 degrees
Using previous submap for vertex <0,26>
Submap pointer saved for vertex <0,26>.
Vertex ID: <0,27>, Timestamp (nanoseconds): 1739822976589640960
Distance from last submap: 1.00522 m
Rotation from last submap: 1.84916 degrees
Using previous submap for vertex <0,27>
Submap pointer saved for vertex <0,27>.
Vertex ID: <0,28>, Timestamp (nanoseconds): 1739822976791535360
Distance from last submap: 1.23392 m
Rotation from last submap: 5.78123 degrees
Using previous submap for vertex <0,28>
Submap pointer saved for vertex <0,28>.
Vertex ID: <0,29>, Timestamp (nanoseconds): 1739822976997972736
Distance from last submap: 1.50146 m
Rotation from last submap: 6.20867 degrees
Creating new submap at vertex <0,29>
Transformation Matrix:
  0.992525  -0.121355  0.0128937   -6.35215
  0.120859   0.992085  0.0340687   0.271829
-0.0169261 -0.0322557   0.999336   0.108426
         0          0          0          1
Original cloud size: 1000841
Transformed cloud size: 1000841
Cropped cloud size: 222804
Point cloud associated with vertex <0,29>.
Submap pointer saved for vertex <0,29>.
Using previous submap for vertex <0,29>
Submap pointer saved for vertex <0,29>.
Vertex ID: <0,30>, Timestamp (nanoseconds): 1739822977199562240
Distance from last submap: 0.254655 m
Rotation from last submap: 0.184847 degrees
Using previous submap for vertex <0,30>
Submap pointer saved for vertex <0,30>.
Vertex ID: <0,31>, Timestamp (nanoseconds): 1739822977401905920
Distance from last submap: 0.516093 m
Rotation from last submap: 0.364934 degrees
Using previous submap for vertex <0,31>
Submap pointer saved for vertex <0,31>.
Vertex ID: <0,32>, Timestamp (nanoseconds): 1739822977603730176
Distance from last submap: 0.777401 m
Rotation from last submap: 0.597068 degrees
Using previous submap for vertex <0,32>
Submap pointer saved for vertex <0,32>.
Vertex ID: <0,33>, Timestamp (nanoseconds): 1739822977809136128
Distance from last submap: 1.04277 m
Rotation from last submap: 0.738239 degrees
Using previous submap for vertex <0,33>
Submap pointer saved for vertex <0,33>.
Vertex ID: <0,34>, Timestamp (nanoseconds): 1739822978021197312
Distance from last submap: 1.31634 m
Rotation from last submap: 0.724382 degrees
Using previous submap for vertex <0,34>
Submap pointer saved for vertex <0,34>.
Vertex ID: <0,35>, Timestamp (nanoseconds): 1739822978225475328
Distance from last submap: 1.59283 m
Rotation from last submap: 0.802994 degrees
Creating new submap at vertex <0,35>
Transformation Matrix:
  0.992053  -0.124995  0.0143599   -7.94574
  0.124189   0.991118  0.0475543   0.252587
-0.0201765  -0.045393   0.998765   0.111762
         0          0          0          1
Original cloud size: 1000841
Transformed cloud size: 1000841
Cropped cloud size: 228035
Point cloud associated with vertex <0,35>.
Submap pointer saved for vertex <0,35>.
Using previous submap for vertex <0,35>
Submap pointer saved for vertex <0,35>.
Vertex ID: <0,36>, Timestamp (nanoseconds): 1739822978435255808
Distance from last submap: 0.270521 m
Rotation from last submap: 0.135356 degrees
Using previous submap for vertex <0,36>
Submap pointer saved for vertex <0,36>.
Vertex ID: <0,37>, Timestamp (nanoseconds): 1739822978643500800
Distance from last submap: 0.53923 m
Rotation from last submap: 0.113049 degrees
Using previous submap for vertex <0,37>
Submap pointer saved for vertex <0,37>.
Vertex ID: <0,38>, Timestamp (nanoseconds): 1739822978848169728
Distance from last submap: 0.802146 m
Rotation from last submap: 0.232867 degrees
Using previous submap for vertex <0,38>
Submap pointer saved for vertex <0,38>.
Vertex ID: <0,39>, Timestamp (nanoseconds): 1739822979050620160
Distance from last submap: 1.0654 m
Rotation from last submap: 0.477295 degrees
Using previous submap for vertex <0,39>
Submap pointer saved for vertex <0,39>.
Vertex ID: <0,40>, Timestamp (nanoseconds): 1739822979256480768
Distance from last submap: 1.32958 m
Rotation from last submap: 0.989079 degrees
Using previous submap for vertex <0,40>
Submap pointer saved for vertex <0,40>.
Vertex ID: <0,41>, Timestamp (nanoseconds): 1739822979464351744
Distance from last submap: 1.57901 m
Rotation from last submap: 5.1894 degrees
Creating new submap at vertex <0,41>
Transformation Matrix:
   0.977269   -0.211937 -0.00536704    -9.50959
   0.211921    0.975859   0.0528091   -0.601841
-0.00595471  -0.0527461     0.99859   -0.025111
          0           0           0           1
Original cloud size: 1000841
Transformed cloud size: 1000841
Cropped cloud size: 233351
Point cloud associated with vertex <0,41>.
Submap pointer saved for vertex <0,41>.
Using previous submap for vertex <0,41>
Submap pointer saved for vertex <0,41>.
Vertex ID: <0,42>, Timestamp (nanoseconds): 1739822979671509504
Distance from last submap: 0.276485 m
Rotation from last submap: 5.3548 degrees
Using previous submap for vertex <0,42>
Submap pointer saved for vertex <0,42>.
Vertex ID: <0,43>, Timestamp (nanoseconds): 1739822979879681280
Distance from last submap: 0.549884 m
Rotation from last submap: 5.26094 degrees
Using previous submap for vertex <0,43>
Submap pointer saved for vertex <0,43>.
Vertex ID: <0,44>, Timestamp (nanoseconds): 1739822980088439296
Distance from last submap: 0.821575 m
Rotation from last submap: 5.49823 degrees
Using previous submap for vertex <0,44>
Submap pointer saved for vertex <0,44>.
Vertex ID: <0,45>, Timestamp (nanoseconds): 1739822980297463808
Distance from last submap: 1.0837 m
Rotation from last submap: 7.59431 degrees
Using previous submap for vertex <0,45>
Submap pointer saved for vertex <0,45>.
Vertex ID: <0,46>, Timestamp (nanoseconds): 1739822980506123776
Distance from last submap: 1.35052 m
Rotation from last submap: 7.52818 degrees
Using previous submap for vertex <0,46>
Submap pointer saved for vertex <0,46>.
Vertex ID: <0,47>, Timestamp (nanoseconds): 1739822980711415808
Distance from last submap: 1.61196 m
Rotation from last submap: 7.61478 degrees
Creating new submap at vertex <0,47>
Transformation Matrix:
   0.940561   -0.339516 -0.00855702    -10.9567
   0.339469    0.939074   0.0538609     -1.9223
  -0.010251  -0.0535643    0.998512   0.0175376
          0           0           0           1
Original cloud size: 1000841
Transformed cloud size: 1000841
Cropped cloud size: 239001
Point cloud associated with vertex <0,47>.
Submap pointer saved for vertex <0,47>.
Using previous submap for vertex <0,47>
Submap pointer saved for vertex <0,47>.
Vertex ID: <0,48>, Timestamp (nanoseconds): 1739822980917176576
Distance from last submap: 0.260751 m
Rotation from last submap: 0.276307 degrees
Using previous submap for vertex <0,48>
Submap pointer saved for vertex <0,48>.
Vertex ID: <0,49>, Timestamp (nanoseconds): 1739822981124425984
Distance from last submap: 0.534872 m
Rotation from last submap: 0.306041 degrees
Using previous submap for vertex <0,49>
Submap pointer saved for vertex <0,49>.
Vertex ID: <0,50>, Timestamp (nanoseconds): 1739822981325426688
Distance from last submap: 0.795233 m
Rotation from last submap: 0.254064 degrees
Using previous submap for vertex <0,50>
Submap pointer saved for vertex <0,50>.
Vertex ID: <0,51>, Timestamp (nanoseconds): 1739822981527957504
Distance from last submap: 1.05585 m
Rotation from last submap: 0.30849 degrees
Using previous submap for vertex <0,51>
Submap pointer saved for vertex <0,51>.
Vertex ID: <0,52>, Timestamp (nanoseconds): 1739822981730379520
Distance from last submap: 1.30742 m
Rotation from last submap: 0.312914 degrees
Using previous submap for vertex <0,52>
Submap pointer saved for vertex <0,52>.
Vertex ID: <0,53>, Timestamp (nanoseconds): 1739822981933379584
Distance from last submap: 1.57033 m
Rotation from last submap: 0.182742 degrees
Creating new submap at vertex <0,53>
Transformation Matrix:
  0.940216   -0.34043 -0.0101105    -12.525
  0.340441    0.93857  0.0564549    -1.9306
-0.0097295 -0.0565218   0.998354 0.00754349
         0          0          0          1
Original cloud size: 1000841
Transformed cloud size: 1000841
Cropped cloud size: 244410
Point cloud associated with vertex <0,53>.
Submap pointer saved for vertex <0,53>.
Using previous submap for vertex <0,53>
Submap pointer saved for vertex <0,53>.
Vertex ID: <0,54>, Timestamp (nanoseconds): 1739822982137916672
Distance from last submap: 0.279377 m
Rotation from last submap: 311.704 degrees
Creating new submap at vertex <0,54>
Transformation Matrix:
   0.94005  -0.340909 -0.0093204   -12.8035
  0.340882   0.938451  0.0557658   -1.93662
-0.0102644 -0.0555998     0.9984  0.0161476
         0          0          0          1
Original cloud size: 1000841
Transformed cloud size: 1000841
Cropped cloud size: 245445
Point cloud associated with vertex <0,54>.
Submap pointer saved for vertex <0,54>.
Using previous submap for vertex <0,54>
Submap pointer saved for vertex <0,54>.
Vertex ID: <0,55>, Timestamp (nanoseconds): 1739822982339383296
Distance from last submap: 0.264182 m
Rotation from last submap: 311.543 degrees
Creating new submap at vertex <0,55>
Transformation Matrix:
   0.938226   -0.345906 -0.00905196    -13.0572
   0.345866    0.936685   0.0547513    -2.00449
   -0.01046  -0.0544999    0.998459   0.0218836
          0           0           0           1
Original cloud size: 1000841
Transformed cloud size: 1000841
Cropped cloud size: 246494
Point cloud associated with vertex <0,55>.
Submap pointer saved for vertex <0,55>.
Using previous submap for vertex <0,55>
Submap pointer saved for vertex <0,55>.
Vertex ID: <0,56>, Timestamp (nanoseconds): 1739822982541863936
Distance from last submap: 0.264209 m
Rotation from last submap: 311.673 degrees
Creating new submap at vertex <0,56>
Transformation Matrix:
   0.939099   -0.343533 -0.00884187    -13.3265
   0.343488    0.937576   0.0544701    -1.97095
 -0.0104223  -0.0541899    0.998476   0.0219501
          0           0           0           1
Original cloud size: 1000841
Transformed cloud size: 1000841
Cropped cloud size: 247690
Point cloud associated with vertex <0,56>.
Submap pointer saved for vertex <0,56>.
Using previous submap for vertex <0,56>
Submap pointer saved for vertex <0,56>.
Vertex ID: <0,57>, Timestamp (nanoseconds): 1739822982746244096
Distance from last submap: 0.277639 m
Rotation from last submap: 311.635 degrees
Creating new submap at vertex <0,57>
Transformation Matrix:
   0.940048   -0.340942 -0.00825429    -13.6096
   0.340878    0.938574   0.0536784    -1.93424
  -0.010554   -0.053274    0.998524    0.026247
          0           0           0           1
Original cloud size: 1000841
Transformed cloud size: 1000841
Cropped cloud size: 248845
Point cloud associated with vertex <0,57>.
Submap pointer saved for vertex <0,57>.
Using previous submap for vertex <0,57>
Submap pointer saved for vertex <0,57>.
Vertex ID: <0,58>, Timestamp (nanoseconds): 1739822982952637184
Distance from last submap: 0.278629 m
Rotation from last submap: 311.544 degrees
Creating new submap at vertex <0,58>
Transformation Matrix:
    0.93891      -0.344  -0.0106193    -13.8816
   0.344069     0.93748    0.052413    -1.98038
-0.00807469  -0.0528649    0.998569 -0.00620203
          0           0           0           1
Original cloud size: 1000841
Transformed cloud size: 1000841
Cropped cloud size: 249937
Point cloud associated with vertex <0,58>.
Submap pointer saved for vertex <0,58>.
Using previous submap for vertex <0,58>
Submap pointer saved for vertex <0,58>.
Vertex ID: <0,59>, Timestamp (nanoseconds): 1739822983154342144
Distance from last submap: 0.265332 m
Rotation from last submap: 311.697 degrees
Creating new submap at vertex <0,59>
Transformation Matrix:
   0.938525   -0.345059  -0.0102224    -14.1447
   0.345111    0.937133   0.0517678    -1.99596
 -0.0082832  -0.0521133    0.998607 -0.00138472
          0           0           0           1
Original cloud size: 1000841
Transformed cloud size: 1000841
Cropped cloud size: 251011
Point cloud associated with vertex <0,59>.
Submap pointer saved for vertex <0,59>.
Using previous submap for vertex <0,59>
Submap pointer saved for vertex <0,59>.
Vertex ID: <0,60>, Timestamp (nanoseconds): 1739822983360242688
Distance from last submap: 0.277306 m
Rotation from last submap: 311.532 degrees
Creating new submap at vertex <0,60>
Transformation Matrix:
   0.940008   -0.340949  -0.0117348    -14.4304
   0.341094    0.938663   0.0506611    -1.93527
-0.00625782  -0.0516245    0.998647  -0.0283335
          0           0           0           1
Original cloud size: 1000841
Transformed cloud size: 1000841
Cropped cloud size: 252157
Point cloud associated with vertex <0,60>.
Submap pointer saved for vertex <0,60>.
Using previous submap for vertex <0,60>
Submap pointer saved for vertex <0,60>.
Vertex ID: <0,61>, Timestamp (nanoseconds): 1739822983572401920
Distance from last submap: 0.28274 m
Rotation from last submap: 311.74 degrees
Creating new submap at vertex <0,61>
Transformation Matrix:
   0.940083   -0.340738  -0.0119228    -14.7136
   0.340896    0.938761   0.0501809    -1.93248
-0.00590588  -0.0512386    0.998669  -0.0324958
          0           0           0           1
Original cloud size: 1000841
Transformed cloud size: 1000841
Cropped cloud size: 253180
Point cloud associated with vertex <0,61>.
Submap pointer saved for vertex <0,61>.
Using previous submap for vertex <0,61>
Submap pointer saved for vertex <0,61>.
Vertex ID: <0,62>, Timestamp (nanoseconds): 1739822983778170368
Distance from last submap: 0.283134 m
Rotation from last submap: 311.445 degrees
Creating new submap at vertex <0,62>
Transformation Matrix:
   0.938179   -0.345827  -0.0149747    -14.9855
    0.34614    0.936921   0.0486496    -2.01488
-0.00279426  -0.0508253    0.998704  -0.0762856
          0           0           0           1
Original cloud size: 1000841
Transformed cloud size: 1000841
Cropped cloud size: 254204
Point cloud associated with vertex <0,62>.
Submap pointer saved for vertex <0,62>.
Using previous submap for vertex <0,62>
Submap pointer saved for vertex <0,62>.
Vertex ID: <0,63>, Timestamp (nanoseconds): 1739822983981109248
Distance from last submap: 0.270201 m
Rotation from last submap: 311.358 degrees
Creating new submap at vertex <0,63>
Transformation Matrix:
    0.941478    -0.336666   -0.0165784     -15.2743
    0.337074     0.940249    0.0480877     -1.86982
-0.000601714   -0.0508616     0.998706    -0.108255
           0            0            0            1
Original cloud size: 1000841
Transformed cloud size: 1000841
Cropped cloud size: 255135
Point cloud associated with vertex <0,63>.
Submap pointer saved for vertex <0,63>.
Using previous submap for vertex <0,63>
Submap pointer saved for vertex <0,63>.
Vertex ID: <0,64>, Timestamp (nanoseconds): 1739822984185723136
Distance from last submap: 0.400631 m
Rotation from last submap: 311.439 degrees
Creating new submap at vertex <0,64>
Transformation Matrix:
  0.943336  -0.331197 -0.0206388   -15.6845
  0.331821   0.942115   0.048114   -1.78702
0.00350894  -0.052236   0.998629   -0.17645
         0          0          0          1
Original cloud size: 1000841
Transformed cloud size: 1000841
Cropped cloud size: 256511
Point cloud associated with vertex <0,64>.
Submap pointer saved for vertex <0,64>.
Using previous submap for vertex <0,64>
Submap pointer saved for vertex <0,64>.
Vertex ID: <0,65>, Timestamp (nanoseconds): 1739822984396491008
Distance from last submap: 0.418629 m
Rotation from last submap: 311.62 degrees
Creating new submap at vertex <0,65>
Transformation Matrix:
  0.942617  -0.333191  -0.021386   -16.0991
  0.333843   0.941488  0.0463568    -1.8207
0.00468905 -0.0508363   0.998696  -0.190403
         0          0          0          1
Original cloud size: 1000841
Transformed cloud size: 1000841
Cropped cloud size: 257883
Point cloud associated with vertex <0,65>.
Submap pointer saved for vertex <0,65>.
Using previous submap for vertex <0,65>
Submap pointer saved for vertex <0,65>.
Vertex ID: <0,66>, Timestamp (nanoseconds): 1739822984601999104
Distance from last submap: 0.418391 m
Rotation from last submap: 311.581 degrees
Creating new submap at vertex <0,66>
Transformation Matrix:
  0.943691  -0.330038 -0.0228295    -16.523
  0.330763   0.942612  0.0455874   -1.76824
0.00647375 -0.0505715   0.998699   -0.21764
         0          0          0          1
Original cloud size: 1000841
Transformed cloud size: 1000841
Cropped cloud size: 259387
Point cloud associated with vertex <0,66>.
Submap pointer saved for vertex <0,66>.
Using previous submap for vertex <0,66>
Submap pointer saved for vertex <0,66>.
Vertex ID: <0,67>, Timestamp (nanoseconds): 1739822984809930240
Distance from last submap: 0.418627 m
Rotation from last submap: 311.591 degrees
Creating new submap at vertex <0,67>
Transformation Matrix:
    0.9425  -0.333315 -0.0243723    -16.935
  0.334111   0.941456  0.0450545     -1.827
0.00792815 -0.0506069   0.998687   -0.24197
         0          0          0          1
Original cloud size: 1000841
Transformed cloud size: 1000841
Cropped cloud size: 260834
Point cloud associated with vertex <0,67>.
Submap pointer saved for vertex <0,67>.
Using previous submap for vertex <0,67>
Submap pointer saved for vertex <0,67>.
Vertex ID: <0,68>, Timestamp (nanoseconds): 1739822985012203520
Distance from last submap: 0.397537 m
Rotation from last submap: 311.637 degrees
Creating new submap at vertex <0,68>
Transformation Matrix:
  0.943726  -0.329861 -0.0239582   -17.3392
  0.330639   0.942681  0.0450652   -1.76427
0.00771967 -0.0504507   0.998697  -0.237822
         0          0          0          1
Original cloud size: 1000841
Transformed cloud size: 1000841
Cropped cloud size: 262305
Point cloud associated with vertex <0,68>.
Submap pointer saved for vertex <0,68>.
Using previous submap for vertex <0,68>
Submap pointer saved for vertex <0,68>.
Vertex ID: <0,69>, Timestamp (nanoseconds): 1739822985215484160
Distance from last submap: 0.398131 m
Rotation from last submap: 0.174213 degrees
Using previous submap for vertex <0,69>
Submap pointer saved for vertex <0,69>.
Vertex ID: <0,70>, Timestamp (nanoseconds): 1739822985422893824
Distance from last submap: 0.816435 m
Rotation from last submap: 0.135041 degrees
Using previous submap for vertex <0,70>
Submap pointer saved for vertex <0,70>.
Vertex ID: <0,71>, Timestamp (nanoseconds): 1739822985623159040
Distance from last submap: 1.21582 m
Rotation from last submap: 0.181915 degrees
Using previous submap for vertex <0,71>
Submap pointer saved for vertex <0,71>.
Vertex ID: <0,72>, Timestamp (nanoseconds): 1739822985830574848
Distance from last submap: 1.63368 m
Rotation from last submap: 0.223414 degrees
Creating new submap at vertex <0,72>
Transformation Matrix:
  0.943051  -0.331608  -0.026284   -18.9687
  0.332526   0.941896  0.0475172   -1.79798
0.00899969 -0.0535512   0.998525  -0.273142
         0          0          0          1
Original cloud size: 1000841
Transformed cloud size: 1000841
Cropped cloud size: 269042
Point cloud associated with vertex <0,72>.
Submap pointer saved for vertex <0,72>.
Using previous submap for vertex <0,72>
Submap pointer saved for vertex <0,72>.
Vertex ID: <0,73>, Timestamp (nanoseconds): 1739822986039052800
Distance from last submap: 0.418516 m
Rotation from last submap: 0.116508 degrees
Using previous submap for vertex <0,73>
Submap pointer saved for vertex <0,73>.
Vertex ID: <0,74>, Timestamp (nanoseconds): 1739822986246826752
Distance from last submap: 0.837539 m
Rotation from last submap: 0.223454 degrees
Using previous submap for vertex <0,74>
Submap pointer saved for vertex <0,74>.
Vertex ID: <0,75>, Timestamp (nanoseconds): 1739822986449606400
Distance from last submap: 1.23548 m
Rotation from last submap: 0.217411 degrees
Using previous submap for vertex <0,75>
Submap pointer saved for vertex <0,75>.
Vertex ID: <0,76>, Timestamp (nanoseconds): 1739822986651667456
Distance from last submap: 1.63438 m
Rotation from last submap: 0.350845 degrees
Creating new submap at vertex <0,76>
Transformation Matrix:
  0.942112  -0.334079 -0.0285517   -20.5975
  0.335167   0.940697  0.0524669   -1.85301
0.00933034 -0.0589993   0.998214  -0.307991
         0          0          0          1
Original cloud size: 1000841
Transformed cloud size: 1000841
Cropped cloud size: 274525
Point cloud associated with vertex <0,76>.
Submap pointer saved for vertex <0,76>.
Using previous submap for vertex <0,76>
Submap pointer saved for vertex <0,76>.
Vertex ID: <0,77>, Timestamp (nanoseconds): 1739822986859241216
Distance from last submap: 0.41791 m
Rotation from last submap: 0.17481 degrees
Using previous submap for vertex <0,77>
Submap pointer saved for vertex <0,77>.
Vertex ID: <0,78>, Timestamp (nanoseconds): 1739822987074372352
Distance from last submap: 0.832096 m
Rotation from last submap: 0.446252 degrees
Using previous submap for vertex <0,78>
Submap pointer saved for vertex <0,78>.
Vertex ID: <0,79>, Timestamp (nanoseconds): 1739822987281217024
Distance from last submap: 1.24696 m
Rotation from last submap: 3.61836 degrees
Using previous submap for vertex <0,79>
Submap pointer saved for vertex <0,79>.
Vertex ID: <0,80>, Timestamp (nanoseconds): 1739822987490320384
Distance from last submap: 1.66456 m
Rotation from last submap: 7.93973 degrees
Creating new submap at vertex <0,80>
Transformation Matrix:
  0.979313  -0.200958 -0.0236957   -22.3046
  0.202077   0.977346  0.0629203    1.22849
 0.0105145  -0.066407   0.997737  -0.373457
         0          0          0          1
Original cloud size: 1000841
Transformed cloud size: 1000841
Cropped cloud size: 278881
Point cloud associated with vertex <0,80>.
Submap pointer saved for vertex <0,80>.
Using previous submap for vertex <0,80>
Submap pointer saved for vertex <0,80>.
Vertex ID: <0,81>, Timestamp (nanoseconds): 1739822987699449856
Distance from last submap: 0.419083 m
Rotation from last submap: 0.172921 degrees
Using previous submap for vertex <0,81>
Submap pointer saved for vertex <0,81>.
Vertex ID: <0,82>, Timestamp (nanoseconds): 1739822987910845184
Distance from last submap: 0.835729 m
Rotation from last submap: 0.285111 degrees
Using previous submap for vertex <0,82>
Submap pointer saved for vertex <0,82>.
Vertex ID: <0,83>, Timestamp (nanoseconds): 1739822988118837248
Distance from last submap: 1.25334 m
Rotation from last submap: 0.391597 degrees
Using previous submap for vertex <0,83>
Submap pointer saved for vertex <0,83>.
Vertex ID: <0,84>, Timestamp (nanoseconds): 1739822988328568064
Distance from last submap: 1.67232 m
Rotation from last submap: 0.487716 degrees
Creating new submap at vertex <0,84>
Transformation Matrix:
  0.979712  -0.199329  -0.020816   -23.9755
  0.200316   0.977172  0.0707724    1.27406
0.00623384 -0.0735063   0.997275   -0.31933
         0          0          0          1
Original cloud size: 1000841
Transformed cloud size: 1000841
Cropped cloud size: 277410
Point cloud associated with vertex <0,84>.
Submap pointer saved for vertex <0,84>.
Using previous submap for vertex <0,84>
Submap pointer saved for vertex <0,84>.
Vertex ID: <0,85>, Timestamp (nanoseconds): 1739822988536549632
Distance from last submap: 0.416623 m
Rotation from last submap: 0.223693 degrees
Using previous submap for vertex <0,85>
Submap pointer saved for vertex <0,85>.
Vertex ID: <0,86>, Timestamp (nanoseconds): 1739822988737467648
Distance from last submap: 0.816785 m
Rotation from last submap: 0.107523 degrees
Using previous submap for vertex <0,86>
Submap pointer saved for vertex <0,86>.
Vertex ID: <0,87>, Timestamp (nanoseconds): 1739822988938221568
Distance from last submap: 1.21319 m
Rotation from last submap: 0.305313 degrees
Using previous submap for vertex <0,87>
Submap pointer saved for vertex <0,87>.
Vertex ID: <0,88>, Timestamp (nanoseconds): 1739822989146578944
Distance from last submap: 1.61434 m
Rotation from last submap: 0.341764 degrees
Creating new submap at vertex <0,88>
Transformation Matrix:
  0.978846  -0.203043 -0.0251781   -25.5934
  0.204356   0.976239  0.0720818    1.17549
0.00994413 -0.0757023   0.997081  -0.423348
         0          0          0          1
Original cloud size: 1000841
Transformed cloud size: 1000841
Cropped cloud size: 273249
Point cloud associated with vertex <0,88>.
Submap pointer saved for vertex <0,88>.
Using previous submap for vertex <0,88>
Submap pointer saved for vertex <0,88>.
Vertex ID: <0,89>, Timestamp (nanoseconds): 1739822989346800128
Distance from last submap: 0.396261 m
Rotation from last submap: 311.717 degrees
Creating new submap at vertex <0,89>
Transformation Matrix:
  0.979091  -0.201891 -0.0249307   -25.9883
  0.203186   0.976496  0.0719025    1.20704
0.00982833 -0.0754647     0.9971  -0.418887
         0          0          0          1
Original cloud size: 1000841
Transformed cloud size: 1000841
Cropped cloud size: 272049
Point cloud associated with vertex <0,89>.
Submap pointer saved for vertex <0,89>.
Using previous submap for vertex <0,89>
Submap pointer saved for vertex <0,89>.
Vertex ID: <0,90>, Timestamp (nanoseconds): 1739822989553968128
Distance from last submap: 0.398591 m
Rotation from last submap: 311.682 degrees
Creating new submap at vertex <0,90>
Transformation Matrix:
  0.978881  -0.203031 -0.0238842   -26.3886
  0.204241   0.976309  0.0714563    1.17937
 0.0088105 -0.0748253   0.997158  -0.388987
         0          0          0          1
Original cloud size: 1000841
Transformed cloud size: 1000841
Cropped cloud size: 270970
Point cloud associated with vertex <0,90>.
Submap pointer saved for vertex <0,90>.
Using previous submap for vertex <0,90>
Submap pointer saved for vertex <0,90>.
Vertex ID: <0,91>, Timestamp (nanoseconds): 1739822989757653248
Distance from last submap: 0.39885 m
Rotation from last submap: 311.618 degrees
Creating new submap at vertex <0,91>
Transformation Matrix:
  0.979439  -0.200459 -0.0227172   -26.7846
  0.201583    0.97692  0.0706516    1.25148
0.00803007 -0.0737783   0.997242  -0.361989
         0          0          0          1
Original cloud size: 1000841
Transformed cloud size: 1000841
Cropped cloud size: 269693
Point cloud associated with vertex <0,91>.
Submap pointer saved for vertex <0,91>.
Using previous submap for vertex <0,91>
Submap pointer saved for vertex <0,91>.
Vertex ID: <0,92>, Timestamp (nanoseconds): 1739822989962787840
Distance from last submap: 0.417417 m
Rotation from last submap: 311.666 degrees
Creating new submap at vertex <0,92>
Transformation Matrix:
  0.979001  -0.202484  -0.023627   -27.2043
  0.203667   0.976508  0.0703652    1.19446
 0.0088241 -0.0736996   0.997241  -0.382076
         0          0          0          1
Original cloud size: 1000841
Transformed cloud size: 1000841
Cropped cloud size: 268456
Point cloud associated with vertex <0,92>.
Submap pointer saved for vertex <0,92>.
Using previous submap for vertex <0,92>
Submap pointer saved for vertex <0,92>.
Vertex ID: <0,93>, Timestamp (nanoseconds): 1739822990168867072
Distance from last submap: 0.420343 m
Rotation from last submap: 311.649 degrees
Creating new submap at vertex <0,93>
Transformation Matrix:
  0.979402  -0.200576  -0.023243   -27.6223
  0.201723   0.977008  0.0690117    1.24905
0.00886653 -0.0722789   0.997345  -0.373201
         0          0          0          1
Original cloud size: 1000841
Transformed cloud size: 1000841
Cropped cloud size: 267041
Point cloud associated with vertex <0,93>.
Submap pointer saved for vertex <0,93>.
Using previous submap for vertex <0,93>
Submap pointer saved for vertex <0,93>.
Vertex ID: <0,94>, Timestamp (nanoseconds): 1739822990377189120
Distance from last submap: 0.416228 m
Rotation from last submap: 311.647 degrees
Creating new submap at vertex <0,94>
Transformation Matrix:
   0.97903  -0.202242 -0.0244685   -28.0403
  0.203466   0.976707  0.0681612    1.19961
 0.0101135 -0.0717104   0.997374  -0.403463
         0          0          0          1
Original cloud size: 1000841
Transformed cloud size: 1000841
Cropped cloud size: 265887
Point cloud associated with vertex <0,94>.
Submap pointer saved for vertex <0,94>.
Using previous submap for vertex <0,94>
Submap pointer saved for vertex <0,94>.
Vertex ID: <0,95>, Timestamp (nanoseconds): 1739822990582691328
Distance from last submap: 0.41968 m
Rotation from last submap: 311.711 degrees
Creating new submap at vertex <0,95>
Transformation Matrix:
  0.979086  -0.202112 -0.0232843   -28.4602
  0.203248   0.976777  0.0677945    1.20587
0.00904151 -0.0711091   0.997428   -0.37041
         0          0          0          1
Original cloud size: 1000841
Transformed cloud size: 1000841
Cropped cloud size: 264661
Point cloud associated with vertex <0,95>.
Submap pointer saved for vertex <0,95>.
Using previous submap for vertex <0,95>
Submap pointer saved for vertex <0,95>.
Vertex ID: <0,96>, Timestamp (nanoseconds): 1739822990791929344
Distance from last submap: 0.415586 m
Rotation from last submap: 311.672 degrees
Creating new submap at vertex <0,96>
Transformation Matrix:
  0.979375  -0.200787 -0.0225559   -28.8743
  0.201867   0.977124  0.0669283    1.24596
0.00860157 -0.0701012   0.997503  -0.350858
         0          0          0          1
Original cloud size: 1000841
Transformed cloud size: 1000841
Cropped cloud size: 263254
Point cloud associated with vertex <0,96>.
Submap pointer saved for vertex <0,96>.
Using previous submap for vertex <0,96>
Submap pointer saved for vertex <0,96>.
Vertex ID: <0,97>, Timestamp (nanoseconds): 1739822991001272064
Distance from last submap: 0.418687 m
Rotation from last submap: 311.617 degrees
Creating new submap at vertex <0,97>
Transformation Matrix:
  0.979273  -0.201641 -0.0190945   -29.2948
  0.202475    0.97703   0.066458    1.22805
0.00525521 -0.0689467   0.997607  -0.249162
         0          0          0          1
Original cloud size: 1000841
Transformed cloud size: 1000841
Cropped cloud size: 261919
Point cloud associated with vertex <0,97>.
Submap pointer saved for vertex <0,97>.
Using previous submap for vertex <0,97>
Submap pointer saved for vertex <0,97>.
Vertex ID: <0,98>, Timestamp (nanoseconds): 1739822991207994624
Distance from last submap: 0.41501 m
Rotation from last submap: 311.625 degrees
Creating new submap at vertex <0,98>
Transformation Matrix:
  0.979569   -0.20046 -0.0161476   -29.7086
  0.201094   0.977319  0.0663923    1.26923
 0.0024724 -0.0682831   0.997663  -0.164412
         0          0          0          1
Original cloud size: 1000841
Transformed cloud size: 1000841
Cropped cloud size: 260560
Point cloud associated with vertex <0,98>.
Submap pointer saved for vertex <0,98>.
Using previous submap for vertex <0,98>
Submap pointer saved for vertex <0,98>.
Vertex ID: <0,99>, Timestamp (nanoseconds): 1739822991416037632
Distance from last submap: 0.377722 m
Rotation from last submap: 311.641 degrees
Creating new submap at vertex <0,99>
Transformation Matrix:
   0.979228   -0.202265  -0.0142098    -30.0887
   0.202763    0.976984   0.0662446     1.21874
0.000483751  -0.0677498    0.997702   -0.102954
          0           0           0           1
Original cloud size: 1000841
Transformed cloud size: 1000841
Cropped cloud size: 259355
Point cloud associated with vertex <0,99>.
Submap pointer saved for vertex <0,99>.
Using previous submap for vertex <0,99>
Submap pointer saved for vertex <0,99>.
Vertex ID: <0,100>, Timestamp (nanoseconds): 1739822991618758912
Distance from last submap: 0.372146 m
Rotation from last submap: 311.412 degrees
Creating new submap at vertex <0,100>
Transformation Matrix:
   0.977478   -0.210653  -0.0127036    -30.4703
    0.21103    0.975259   0.0658475    0.963973
-0.00148169  -0.0670454    0.997749  -0.0393243
          0           0           0           1
Original cloud size: 1000841
Transformed cloud size: 1000841
Cropped cloud size: 258150
Point cloud associated with vertex <0,100>.
Submap pointer saved for vertex <0,100>.
Using previous submap for vertex <0,100>
Submap pointer saved for vertex <0,100>.
Vertex ID: <0,101>, Timestamp (nanoseconds): 1739822991820437760
Distance from last submap: 0.419675 m
Rotation from last submap: 1.51711 degrees
Using previous submap for vertex <0,101>
Submap pointer saved for vertex <0,101>.
Vertex ID: <0,102>, Timestamp (nanoseconds): 1739822992024726784
Distance from last submap: 0.835992 m
