[36m21:21:54.370 140501738471424 INFO [configure.cpp:47] [default] Logging to: example_log.txt
[0m[36m21:21:54.380 140501738471424 INFO [configure.cpp:49] [default] Enabled loggers: [test]
[0mPoint cloud loaded successfully.
Vertex ID: <0,0>, Timestamp (nanoseconds): 1740691070850764032
Creating new submap at vertex <0,0>
Transformation Matrix:
1 0 0 0
0 1 0 0
0 0 1 0
0 0 0 1
Original cloud size: 996179
Transformed cloud size: 996179
Cropped cloud size: 323186
Point cloud associated with vertex <0,0>.
Submap pointer saved for vertex <0,0>.
Using previous submap for vertex <0,0>
Submap pointer saved for vertex <0,0>.
Vertex ID: <0,1>, Timestamp (nanoseconds): 1740691071060379136
Distance from last submap: 3.45126e-05 m
Rotation from last submap: 311.764 degrees
Creating new submap at vertex <0,1>
Transformation Matrix:
           1 -8.38466e-05 -5.51257e-05 -3.33892e-05
 8.38465e-05            1 -3.39133e-06 -8.73306e-06
  5.5126e-05  3.38671e-06            1 -1.30592e-07
           0            0            0            1
Original cloud size: 996179
Transformed cloud size: 996179
Cropped cloud size: 323186
Point cloud associated with vertex <0,1>.
Submap pointer saved for vertex <0,1>.
Using previous submap for vertex <0,1>
Submap pointer saved for vertex <0,1>.
Vertex ID: <0,2>, Timestamp (nanoseconds): 1740691071263860224
Distance from last submap: 0.000137172 m
Rotation from last submap: 0.00916124 degrees
Using previous submap for vertex <0,2>
Submap pointer saved for vertex <0,2>.
Vertex ID: <0,3>, Timestamp (nanoseconds): 1740691071473174784
Distance from last submap: 0.000170304 m
Rotation from last submap: 0.0120586 degrees
Using previous submap for vertex <0,3>
Submap pointer saved for vertex <0,3>.
Vertex ID: <0,4>, Timestamp (nanoseconds): 1740691071673594368
Distance from last submap: 0.000201408 m
Rotation from last submap: 0.0153439 degrees
Using previous submap for vertex <0,4>
Submap pointer saved for vertex <0,4>.
Vertex ID: <0,5>, Timestamp (nanoseconds): 1740691071883085312
Distance from last submap: 0.0103096 m
Rotation from last submap: 0.083085 degrees
Using previous submap for vertex <0,5>
Submap pointer saved for vertex <0,5>.
Vertex ID: <0,6>, Timestamp (nanoseconds): 1740691072091528960
Distance from last submap: 0.140285 m
Rotation from last submap: 0.500563 degrees
Using previous submap for vertex <0,6>
Submap pointer saved for vertex <0,6>.
Vertex ID: <0,7>, Timestamp (nanoseconds): 1740691072301338112
Distance from last submap: 0.45415 m
Rotation from last submap: 0.471751 degrees
Using previous submap for vertex <0,7>
Submap pointer saved for vertex <0,7>.
Vertex ID: <0,8>, Timestamp (nanoseconds): 1740691072510909952
Distance from last submap: 0.865283 m
Rotation from last submap: 0.580385 degrees
Using previous submap for vertex <0,8>
Submap pointer saved for vertex <0,8>.
Vertex ID: <0,9>, Timestamp (nanoseconds): 1740691072720980224
Distance from last submap: 1.28567 m
Rotation from last submap: 0.751777 degrees
Using previous submap for vertex <0,9>
Submap pointer saved for vertex <0,9>.
Vertex ID: <0,10>, Timestamp (nanoseconds): 1740691072921012992
Distance from last submap: 1.65836 m
Rotation from last submap: 2.74488 degrees
Creating new submap at vertex <0,10>
Transformation Matrix:
   0.998916  -0.0461386  0.00623403      -1.656
  0.0460626    0.998869    0.011824  -0.0888256
-0.00677251   -0.011524    0.999911  0.00421567
          0           0           0           1
Original cloud size: 996179
Transformed cloud size: 996179
Cropped cloud size: 342552
Point cloud associated with vertex <0,10>.
Submap pointer saved for vertex <0,10>.
Using previous submap for vertex <0,10>
Submap pointer saved for vertex <0,10>.
Vertex ID: <0,11>, Timestamp (nanoseconds): 1740691073130921728
Distance from last submap: 0.397298 m
Rotation from last submap: 3.77185 degrees
Using previous submap for vertex <0,11>
Submap pointer saved for vertex <0,11>.
Vertex ID: <0,12>, Timestamp (nanoseconds): 1740691073340883200
Distance from last submap: 0.815386 m
Rotation from last submap: 3.81475 degrees
Using previous submap for vertex <0,12>
Submap pointer saved for vertex <0,12>.
Vertex ID: <0,13>, Timestamp (nanoseconds): 1740691073551539456
Distance from last submap: 1.23517 m
Rotation from last submap: 3.81045 degrees
Using previous submap for vertex <0,13>
Submap pointer saved for vertex <0,13>.
Vertex ID: <0,14>, Timestamp (nanoseconds): 1740691073760143104
Distance from last submap: 1.65652 m
Rotation from last submap: 3.88454 degrees
Creating new submap at vertex <0,14>
Transformation Matrix:
   0.993506   -0.113682  0.00470897    -3.30219
   0.113611    0.993437   0.0132432   -0.242321
-0.00618358  -0.0126222    0.999901  0.00244068
          0           0           0           1
Original cloud size: 996179
Transformed cloud size: 996179
Cropped cloud size: 359777
Point cloud associated with vertex <0,14>.
Submap pointer saved for vertex <0,14>.
Using previous submap for vertex <0,14>
Submap pointer saved for vertex <0,14>.
Vertex ID: <0,15>, Timestamp (nanoseconds): 1740691073961182720
Distance from last submap: 0.39881 m
Rotation from last submap: 0.0536671 degrees
Using previous submap for vertex <0,15>
Submap pointer saved for vertex <0,15>.
Vertex ID: <0,16>, Timestamp (nanoseconds): 1740691074170768384
Distance from last submap: 0.822332 m
Rotation from last submap: 0.0706971 degrees
Using previous submap for vertex <0,16>
Submap pointer saved for vertex <0,16>.
Vertex ID: <0,17>, Timestamp (nanoseconds): 1740691074379991296
Distance from last submap: 1.24064 m
Rotation from last submap: 0.117816 degrees
Using previous submap for vertex <0,17>
Submap pointer saved for vertex <0,17>.
Vertex ID: <0,18>, Timestamp (nanoseconds): 1740691074580157696
Distance from last submap: 1.64205 m
Rotation from last submap: 0.148902 degrees
Creating new submap at vertex <0,18>
Transformation Matrix:
   0.993421   -0.114488  0.00266681    -4.94404
   0.114437    0.993323   0.0146333   -0.245634
-0.00432433  -0.0142318    0.999889 -0.00510435
          0           0           0           1
Original cloud size: 996179
Transformed cloud size: 996179
Cropped cloud size: 375497
Point cloud associated with vertex <0,18>.
Submap pointer saved for vertex <0,18>.
Using previous submap for vertex <0,18>
Submap pointer saved for vertex <0,18>.
Vertex ID: <0,19>, Timestamp (nanoseconds): 1740691074780638208
Distance from last submap: 0.399165 m
Rotation from last submap: 0.179508 degrees
Using previous submap for vertex <0,19>
Submap pointer saved for vertex <0,19>.
Vertex ID: <0,20>, Timestamp (nanoseconds): 1740691074990398208
Distance from last submap: 0.816777 m
Rotation from last submap: 310.071 degrees
Creating new submap at vertex <0,20>
Transformation Matrix:
    0.997924   -0.0642496   0.00435603     -5.76605
   0.0641816     0.997836    0.0142683    0.0415472
 -0.00526334   -0.0139592     0.999889 -0.000976917
           0            0            0            1
Original cloud size: 996179
Transformed cloud size: 996179
Cropped cloud size: 383714
Point cloud associated with vertex <0,20>.
Submap pointer saved for vertex <0,20>.
Using previous submap for vertex <0,20>
Submap pointer saved for vertex <0,20>.
Vertex ID: <0,21>, Timestamp (nanoseconds): 1740691075190402304
Distance from last submap: 0.401051 m
Rotation from last submap: 2.97809 degrees
Using previous submap for vertex <0,21>
Submap pointer saved for vertex <0,21>.
Vertex ID: <0,22>, Timestamp (nanoseconds): 1740691075390582784
Distance from last submap: 0.797606 m
Rotation from last submap: 309.677 degrees
Creating new submap at vertex <0,22>
Transformation Matrix:
   0.999883 -0.00863164   0.0126486    -6.55214
 0.00846281    0.999875   0.0133409    0.374525
 -0.0127622  -0.0132323    0.999831   0.0443373
          0           0           0           1
Original cloud size: 996179
Transformed cloud size: 996179
Cropped cloud size: 392798
Point cloud associated with vertex <0,22>.
Submap pointer saved for vertex <0,22>.
Using previous submap for vertex <0,22>
Submap pointer saved for vertex <0,22>.
Vertex ID: <0,23>, Timestamp (nanoseconds): 1740691075600544256
Distance from last submap: 0.420692 m
Rotation from last submap: 311.571 degrees
Creating new submap at vertex <0,23>
Transformation Matrix:
  0.999827 -0.0106696  0.0152439   -6.97343
 0.0104868   0.999873  0.0120157   0.360309
-0.0153701 -0.0118537   0.999812  0.0625494
         0          0          0          1
Original cloud size: 996179
Transformed cloud size: 996179
Cropped cloud size: 397831
Point cloud associated with vertex <0,23>.
Submap pointer saved for vertex <0,23>.
Using previous submap for vertex <0,23>
Submap pointer saved for vertex <0,23>.
Vertex ID: <0,24>, Timestamp (nanoseconds): 1740691075801688576
Distance from last submap: 0.397693 m
Rotation from last submap: 311.658 degrees
Creating new submap at vertex <0,24>
Transformation Matrix:
   0.999819 -0.00938192   0.0165701    -7.37056
 0.00919615    0.999894   0.0112522    0.368909
  -0.016674  -0.0110977    0.999799   0.0721858
          0           0           0           1
Original cloud size: 996179
Transformed cloud size: 996179
Cropped cloud size: 402567
Point cloud associated with vertex <0,24>.
Submap pointer saved for vertex <0,24>.
Using previous submap for vertex <0,24>
Submap pointer saved for vertex <0,24>.
Vertex ID: <0,25>, Timestamp (nanoseconds): 1740691076010884608
Distance from last submap: 0.416851 m
Rotation from last submap: 311.1 degrees
Creating new submap at vertex <0,25>
Transformation Matrix:
   0.999802  0.00739178   0.0184843    -7.78004
-0.00756347    0.999929  0.00923535    0.493037
 -0.0184147 -0.00937332    0.999786   0.0867059
          0           0           0           1
Original cloud size: 996179
Transformed cloud size: 996179
Cropped cloud size: 407587
Point cloud associated with vertex <0,25>.
Submap pointer saved for vertex <0,25>.
Using previous submap for vertex <0,25>
Submap pointer saved for vertex <0,25>.
Vertex ID: <0,26>, Timestamp (nanoseconds): 1740691076220586752
Distance from last submap: 0.417694 m
Rotation from last submap: 311.665 degrees
Creating new submap at vertex <0,26>
Transformation Matrix:
   0.999771   0.0102372   0.0188064    -8.19627
 -0.0104111    0.999904  0.00916918     0.51412
 -0.0187107 -0.00936287    0.999781   0.0884093
          0           0           0           1
Original cloud size: 996179
Transformed cloud size: 996179
Cropped cloud size: 412710
Point cloud associated with vertex <0,26>.
Submap pointer saved for vertex <0,26>.
Using previous submap for vertex <0,26>
Submap pointer saved for vertex <0,26>.
Vertex ID: <0,27>, Timestamp (nanoseconds): 1740691076430867712
Distance from last submap: 0.416587 m
Rotation from last submap: 311.285 degrees
Creating new submap at vertex <0,27>
Transformation Matrix:
   0.999523   0.0192253   0.0241586    -8.60728
 -0.0194387    0.999774  0.00862793    0.590113
 -0.0239872 -0.00909343    0.999671    0.133343
          0           0           0           1
Original cloud size: 996179
Transformed cloud size: 996179
Cropped cloud size: 417984
Point cloud associated with vertex <0,27>.
Submap pointer saved for vertex <0,27>.
Using previous submap for vertex <0,27>
Submap pointer saved for vertex <0,27>.
Vertex ID: <0,28>, Timestamp (nanoseconds): 1740691076641117440
Distance from last submap: 0.403342 m
Rotation from last submap: 1.56651 degrees
Using previous submap for vertex <0,28>
Submap pointer saved for vertex <0,28>.
Vertex ID: <0,29>, Timestamp (nanoseconds): 1740691076842387200
Distance from last submap: 0.802349 m
Rotation from last submap: 1.65259 degrees
Using previous submap for vertex <0,29>
Submap pointer saved for vertex <0,29>.
Vertex ID: <0,30>, Timestamp (nanoseconds): 1740691077051763200
Distance from last submap: 1.22395 m
Rotation from last submap: 1.83621 degrees
Using previous submap for vertex <0,30>
Submap pointer saved for vertex <0,30>.
Vertex ID: <0,31>, Timestamp (nanoseconds): 1740691077261506560
Distance from last submap: 1.68298 m
Rotation from last submap: 5.60922 degrees
Creating new submap at vertex <0,31>
Transformation Matrix:
  0.992654   0.116454  0.0327981    -10.188
 -0.116727   0.993143 0.00652582    1.51808
-0.0318133 -0.0103063   0.999441   0.209321
         0          0          0          1
Original cloud size: 996179
Transformed cloud size: 996179
Cropped cloud size: 440241
Point cloud associated with vertex <0,31>.
Submap pointer saved for vertex <0,31>.
Using previous submap for vertex <0,31>
Submap pointer saved for vertex <0,31>.
Vertex ID: <0,32>, Timestamp (nanoseconds): 1740691077471100416
Distance from last submap: 0.427805 m
Rotation from last submap: 311.126 degrees
Creating new submap at vertex <0,32>
Transformation Matrix:
   0.991005    0.128389   0.0377435    -10.5955
  -0.128614    0.991688  0.00358438      1.6413
 -0.0369696 -0.00840647    0.999281    0.264644
          0           0           0           1
Original cloud size: 996179
Transformed cloud size: 996179
Cropped cloud size: 446476
Point cloud associated with vertex <0,32>.
Submap pointer saved for vertex <0,32>.
Using previous submap for vertex <0,32>
Submap pointer saved for vertex <0,32>.
Vertex ID: <0,33>, Timestamp (nanoseconds): 1740691077671496192
Distance from last submap: 0.400801 m
Rotation from last submap: 311.622 degrees
Creating new submap at vertex <0,33>
Transformation Matrix:
   0.991083    0.127323    0.039299    -10.9977
  -0.127492    0.991838  0.00181732     1.62814
 -0.0387469 -0.00681141    0.999226     0.28446
          0           0           0           1
Original cloud size: 996179
Transformed cloud size: 996179
Cropped cloud size: 452008
Point cloud associated with vertex <0,33>.
Submap pointer saved for vertex <0,33>.
Using previous submap for vertex <0,33>
Submap pointer saved for vertex <0,33>.
Vertex ID: <0,34>, Timestamp (nanoseconds): 1740691077872040192
Distance from last submap: 0.398454 m
Rotation from last submap: 311.609 degrees
Creating new submap at vertex <0,34>
Transformation Matrix:
   0.990973     0.12772   0.0407434     -11.395
  -0.127779    0.991802 -0.00117362     1.63058
 -0.0405593 -0.00404312    0.999169    0.305768
          0           0           0           1
Original cloud size: 996179
Transformed cloud size: 996179
Cropped cloud size: 457593
Point cloud associated with vertex <0,34>.
Submap pointer saved for vertex <0,34>.
Using previous submap for vertex <0,34>
Submap pointer saved for vertex <0,34>.
Vertex ID: <0,35>, Timestamp (nanoseconds): 1740691078081763328
Distance from last submap: 0.41942 m
Rotation from last submap: 311.614 degrees
Creating new submap at vertex <0,35>
Transformation Matrix:
    0.990936     0.127606    0.0419736     -11.8142
   -0.127529     0.991825  -0.00452531      1.62718
  -0.0422079 -0.000868539     0.999108     0.325052
           0            0            0            1
Original cloud size: 996179
Transformed cloud size: 996179
Cropped cloud size: 463239
Point cloud associated with vertex <0,35>.
Submap pointer saved for vertex <0,35>.
Using previous submap for vertex <0,35>
Submap pointer saved for vertex <0,35>.
Vertex ID: <0,36>, Timestamp (nanoseconds): 1740691078282985472
Distance from last submap: 0.398249 m
Rotation from last submap: 311.485 degrees
Creating new submap at vertex <0,36>
Transformation Matrix:
  0.990473   0.130342   0.044427   -12.2071
 -0.130113   0.991467 -0.0080162    1.65736
-0.0450927 0.00215929    0.99898   0.360656
         0          0          0          1
Original cloud size: 996179
Transformed cloud size: 996179
Cropped cloud size: 468533
Point cloud associated with vertex <0,36>.
Submap pointer saved for vertex <0,36>.
Using previous submap for vertex <0,36>
Submap pointer saved for vertex <0,36>.
Vertex ID: <0,37>, Timestamp (nanoseconds): 1740691078492327168
Distance from last submap: 0.419001 m
Rotation from last submap: 311.582 degrees
Creating new submap at vertex <0,37>
Transformation Matrix:
  0.990589   0.129351   0.044745   -12.6276
 -0.128923   0.991578 -0.0123214    1.64233
 -0.045962  0.0064368   0.998922   0.371003
         0          0          0          1
Original cloud size: 996179
Transformed cloud size: 996179
Cropped cloud size: 474091
Point cloud associated with vertex <0,37>.
Submap pointer saved for vertex <0,37>.
Using previous submap for vertex <0,37>
Submap pointer saved for vertex <0,37>.
Vertex ID: <0,38>, Timestamp (nanoseconds): 1740691078692464640
Distance from last submap: 0.398542 m
Rotation from last submap: 311.574 degrees
Creating new submap at vertex <0,38>
Transformation Matrix:
  0.990175   0.132338  0.0451673    -13.021
 -0.131791   0.991166 -0.0148851    1.67847
-0.0467382 0.00878624   0.998869    0.38129
         0          0          0          1
Original cloud size: 996179
Transformed cloud size: 996179
Cropped cloud size: 479160
Point cloud associated with vertex <0,38>.
Submap pointer saved for vertex <0,38>.
Using previous submap for vertex <0,38>
Submap pointer saved for vertex <0,38>.
Vertex ID: <0,39>, Timestamp (nanoseconds): 1740691078903047424
Distance from last submap: 0.418114 m
Rotation from last submap: 311.607 degrees
Creating new submap at vertex <0,39>
Transformation Matrix:
  0.990315   0.130954  0.0461222   -13.4411
 -0.130278   0.991325 -0.0173661    1.65814
-0.0479962  0.0111892   0.998785   0.397432
         0          0          0          1
Original cloud size: 996179
Transformed cloud size: 996179
Cropped cloud size: 484366
Point cloud associated with vertex <0,39>.
Submap pointer saved for vertex <0,39>.
Using previous submap for vertex <0,39>
Submap pointer saved for vertex <0,39>.
Vertex ID: <0,40>, Timestamp (nanoseconds): 1740691079113262848
Distance from last submap: 0.420271 m
Rotation from last submap: 311.529 degrees
Creating new submap at vertex <0,40>
Transformation Matrix:
  0.989942   0.133828  0.0458849   -13.8566
 -0.132951   0.990886 -0.0216744    1.69454
-0.0483674   0.015356   0.998712   0.402724
         0          0          0          1
Original cloud size: 996179
Transformed cloud size: 996179
Cropped cloud size: 489674
Point cloud associated with vertex <0,40>.
Submap pointer saved for vertex <0,40>.
Using previous submap for vertex <0,40>
Submap pointer saved for vertex <0,40>.
Vertex ID: <0,41>, Timestamp (nanoseconds): 1740691079323646208
Distance from last submap: 0.418777 m
Rotation from last submap: 311.554 degrees
Creating new submap at vertex <0,41>
Transformation Matrix:
  0.990173   0.132666  0.0442417   -14.2779
 -0.131643   0.990974 -0.0253039    1.67492
-0.0471994  0.0192311     0.9987   0.384842
         0          0          0          1
Original cloud size: 996179
Transformed cloud size: 996179
Cropped cloud size: 494989
Point cloud associated with vertex <0,41>.
Submap pointer saved for vertex <0,41>.
Using previous submap for vertex <0,41>
Submap pointer saved for vertex <0,41>.
Vertex ID: <0,42>, Timestamp (nanoseconds): 1740691079533510656
Distance from last submap: 0.419851 m
Rotation from last submap: 311.622 degrees
Creating new submap at vertex <0,42>
Transformation Matrix:
  0.990295   0.131817  0.0440423   -14.6993
  -0.13064   0.991016 -0.0286301    1.65912
-0.0474206  0.0225986   0.998619    0.38746
         0          0          0          1
Original cloud size: 996179
Transformed cloud size: 996179
Cropped cloud size: 500214
Point cloud associated with vertex <0,42>.
Submap pointer saved for vertex <0,42>.
Using previous submap for vertex <0,42>
Submap pointer saved for vertex <0,42>.
Vertex ID: <0,43>, Timestamp (nanoseconds): 1740691079742967296
Distance from last submap: 0.417261 m
Rotation from last submap: 311.517 degrees
Creating new submap at vertex <0,43>
Transformation Matrix:
  0.990485   0.131671  0.0400157   -15.1181
 -0.130432   0.990936  -0.032161    1.65489
-0.0438877  0.0266357   0.998681   0.333671
         0          0          0          1
Original cloud size: 996179
Transformed cloud size: 996179
Cropped cloud size: 505607
Point cloud associated with vertex <0,43>.
Submap pointer saved for vertex <0,43>.
Using previous submap for vertex <0,43>
Submap pointer saved for vertex <0,43>.
Vertex ID: <0,44>, Timestamp (nanoseconds): 1740691079943842560
Distance from last submap: 0.402922 m
Rotation from last submap: 0.521813 degrees
Using previous submap for vertex <0,44>
Submap pointer saved for vertex <0,44>.
Vertex ID: <0,45>, Timestamp (nanoseconds): 1740691080144020736
Distance from last submap: 0.804862 m
Rotation from last submap: 1.07824 degrees
Using previous submap for vertex <0,45>
Submap pointer saved for vertex <0,45>.
Vertex ID: <0,46>, Timestamp (nanoseconds): 1740691080344396800
Distance from last submap: 1.2036 m
Rotation from last submap: 1.10213 degrees
Using previous submap for vertex <0,46>
Submap pointer saved for vertex <0,46>.
Vertex ID: <0,47>, Timestamp (nanoseconds): 1740691080553197056
Distance from last submap: 1.62455 m
Rotation from last submap: 1.15457 degrees
Creating new submap at vertex <0,47>
Transformation Matrix:
  0.991202   0.130539  0.0218653   -16.7472
 -0.130024   0.991232 -0.0235042    1.64528
-0.0247418  0.0204544   0.999485  0.0357655
         0          0          0          1
Original cloud size: 996179
Transformed cloud size: 996179
Cropped cloud size: 526309
Point cloud associated with vertex <0,47>.
Submap pointer saved for vertex <0,47>.
Using previous submap for vertex <0,47>
Submap pointer saved for vertex <0,47>.
Vertex ID: <0,48>, Timestamp (nanoseconds): 1740691080753262848
Distance from last submap: 0.399188 m
Rotation from last submap: 0.273316 degrees
Using previous submap for vertex <0,48>
Submap pointer saved for vertex <0,48>.
Vertex ID: <0,49>, Timestamp (nanoseconds): 1740691080954567168
Distance from last submap: 0.799557 m
Rotation from last submap: 0.372148 degrees
Using previous submap for vertex <0,49>
Submap pointer saved for vertex <0,49>.
Vertex ID: <0,50>, Timestamp (nanoseconds): 1740691081155149056
Distance from last submap: 1.199 m
Rotation from last submap: 0.523866 degrees
Using previous submap for vertex <0,50>
Submap pointer saved for vertex <0,50>.
Vertex ID: <0,51>, Timestamp (nanoseconds): 1740691081364692992
Distance from last submap: 1.61503 m
Rotation from last submap: 3.49786 degrees
Creating new submap at vertex <0,51>
Transformation Matrix:
  0.997097  0.0710073  0.0274967   -18.4273
-0.0707241   0.997434 -0.0111397   0.539881
-0.0282172 0.00916265    0.99956   0.107709
         0          0          0          1
Original cloud size: 996179
Transformed cloud size: 996179
Cropped cloud size: 543961
Point cloud associated with vertex <0,51>.
Submap pointer saved for vertex <0,51>.
Using previous submap for vertex <0,51>
Submap pointer saved for vertex <0,51>.
Vertex ID: <0,52>, Timestamp (nanoseconds): 1740691081565314560
Distance from last submap: 0.397474 m
Rotation from last submap: 310.552 degrees
Creating new submap at vertex <0,52>
Transformation Matrix:
  0.998985  0.0350165  0.0283224   -18.8316
-0.0347292   0.999341 -0.0105741  -0.145583
 -0.028674  0.0095798   0.999543   0.116414
         0          0          0          1
Original cloud size: 996179
Transformed cloud size: 996179
Cropped cloud size: 547495
Point cloud associated with vertex <0,52>.
Submap pointer saved for vertex <0,52>.
Using previous submap for vertex <0,52>
Submap pointer saved for vertex <0,52>.
Vertex ID: <0,53>, Timestamp (nanoseconds): 1740691081775028736
Distance from last submap: 0.420152 m
Rotation from last submap: 0.203814 degrees
Using previous submap for vertex <0,53>
Submap pointer saved for vertex <0,53>.
Vertex ID: <0,54>, Timestamp (nanoseconds): 1740691081984793600
Distance from last submap: 0.839694 m
Rotation from last submap: 0.288476 degrees
Using previous submap for vertex <0,54>
Submap pointer saved for vertex <0,54>.
Vertex ID: <0,55>, Timestamp (nanoseconds): 1740691082185354240
Distance from last submap: 1.24021 m
Rotation from last submap: 0.551833 degrees
Using previous submap for vertex <0,55>
Submap pointer saved for vertex <0,55>.
Vertex ID: <0,56>, Timestamp (nanoseconds): 1740691082394958336
Distance from last submap: 1.65852 m
Rotation from last submap: 0.601167 degrees
Creating new submap at vertex <0,56>
Transformation Matrix:
   0.999297   0.0326813   0.0183517      -20.49
  -0.032534    0.999436 -0.00827035   -0.189585
 -0.0186116  0.00766749    0.999797  -0.0802662
          0           0           0           1
Original cloud size: 996179
Transformed cloud size: 996179
Cropped cloud size: 558683
Point cloud associated with vertex <0,56>.
Submap pointer saved for vertex <0,56>.
Using previous submap for vertex <0,56>
Submap pointer saved for vertex <0,56>.
Vertex ID: <0,57>, Timestamp (nanoseconds): 1740691082605731840
Distance from last submap: 0.420392 m
Rotation from last submap: 0.120562 degrees
Using previous submap for vertex <0,57>
Submap pointer saved for vertex <0,57>.
Vertex ID: <0,58>, Timestamp (nanoseconds): 1740691082814883840
Distance from last submap: 0.841013 m
Rotation from last submap: 0.346859 degrees
Using previous submap for vertex <0,58>
Submap pointer saved for vertex <0,58>.
Vertex ID: <0,59>, Timestamp (nanoseconds): 1740691083015745536
Distance from last submap: 1.24251 m
Rotation from last submap: 0.425313 degrees
Using previous submap for vertex <0,59>
Submap pointer saved for vertex <0,59>.
Vertex ID: <0,60>, Timestamp (nanoseconds): 1740691083225724160
Distance from last submap: 1.6607 m
Rotation from last submap: 0.416338 degrees
Creating new submap at vertex <0,60>
Transformation Matrix:
   0.999431   0.0306843   0.0139816    -22.1497
 -0.0306482    0.999526 -0.00279397   -0.235498
 -0.0140607  0.00236386    0.999898   -0.170103
          0           0           0           1
Original cloud size: 996179
Transformed cloud size: 996179
Cropped cloud size: 567886
Point cloud associated with vertex <0,60>.
Submap pointer saved for vertex <0,60>.
Using previous submap for vertex <0,60>
Submap pointer saved for vertex <0,60>.
Vertex ID: <0,61>, Timestamp (nanoseconds): 1740691083435503360
Distance from last submap: 0.418871 m
Rotation from last submap: 0.2122 degrees
Using previous submap for vertex <0,61>
Submap pointer saved for vertex <0,61>.
Vertex ID: <0,62>, Timestamp (nanoseconds): 1740691083635573760
Distance from last submap: 0.818274 m
Rotation from last submap: 0.213994 degrees
Using previous submap for vertex <0,62>
Submap pointer saved for vertex <0,62>.
Vertex ID: <0,63>, Timestamp (nanoseconds): 1740691083836482560
Distance from last submap: 1.21699 m
Rotation from last submap: 0.239135 degrees
Using previous submap for vertex <0,63>
Submap pointer saved for vertex <0,63>.
Vertex ID: <0,64>, Timestamp (nanoseconds): 1740691084046888960
Distance from last submap: 1.63641 m
Rotation from last submap: 0.183461 degrees
Creating new submap at vertex <0,64>
Transformation Matrix:
   0.999364   0.0314658   0.0167966    -23.7867
  -0.031445    0.999504 -0.00149803   -0.221428
 -0.0168354 0.000968911    0.999858   -0.106187
          0           0           0           1
Original cloud size: 996179
Transformed cloud size: 996179
Cropped cloud size: 574692
Point cloud associated with vertex <0,64>.
Submap pointer saved for vertex <0,64>.
Using previous submap for vertex <0,64>
Submap pointer saved for vertex <0,64>.
Vertex ID: <0,65>, Timestamp (nanoseconds): 1740691084255982336
Distance from last submap: 0.420073 m
Rotation from last submap: 0.04042 degrees
Using previous submap for vertex <0,65>
Submap pointer saved for vertex <0,65>.
Vertex ID: <0,66>, Timestamp (nanoseconds): 1740691084456080384
Distance from last submap: 0.819671 m
Rotation from last submap: 0.0770281 degrees
Using previous submap for vertex <0,66>
Submap pointer saved for vertex <0,66>.
Vertex ID: <0,67>, Timestamp (nanoseconds): 1740691084656311296
Distance from last submap: 1.21921 m
Rotation from last submap: 0.267192 degrees
Using previous submap for vertex <0,67>
Submap pointer saved for vertex <0,67>.
Vertex ID: <0,68>, Timestamp (nanoseconds): 1740691084856347136
Distance from last submap: 1.6183 m
Rotation from last submap: 0.44131 degrees
Creating new submap at vertex <0,68>
Transformation Matrix:
  0.999577  0.0243505  0.0158938   -25.4027
-0.0243761   0.999702 0.00141457  -0.402491
-0.0158547 -0.0018014   0.999873  -0.127032
         0          0          0          1
Original cloud size: 996179
Transformed cloud size: 996179
Cropped cloud size: 580568
Point cloud associated with vertex <0,68>.
Submap pointer saved for vertex <0,68>.
Using previous submap for vertex <0,68>
Submap pointer saved for vertex <0,68>.
Vertex ID: <0,69>, Timestamp (nanoseconds): 1740691085056422656
Distance from last submap: 0.40306 m
Rotation from last submap: 0.342703 degrees
Using previous submap for vertex <0,69>
Submap pointer saved for vertex <0,69>.
Vertex ID: <0,70>, Timestamp (nanoseconds): 1740691085257327872
Distance from last submap: 0.801482 m
Rotation from last submap: 0.435864 degrees
Using previous submap for vertex <0,70>
Submap pointer saved for vertex <0,70>.
Vertex ID: <0,71>, Timestamp (nanoseconds): 1740691085467564032
Distance from last submap: 1.22885 m
Rotation from last submap: 310.778 degrees
Creating new submap at vertex <0,71>
Transformation Matrix:
    0.99973   0.0227047 -0.00485778    -26.6226
 -0.0227352    0.999722  -0.0063134   -0.445296
 0.00471308  0.00642214    0.999968   -0.669362
          0           0           0           1
Original cloud size: 996179
Transformed cloud size: 996179
Cropped cloud size: 583132
Point cloud associated with vertex <0,71>.
Submap pointer saved for vertex <0,71>.
Using previous submap for vertex <0,71>
Submap pointer saved for vertex <0,71>.
Vertex ID: <0,72>, Timestamp (nanoseconds): 1740691085676548608
Distance from last submap: 0.418122 m
Rotation from last submap: 0.863017 degrees
Using previous submap for vertex <0,72>
Submap pointer saved for vertex <0,72>.
Vertex ID: <0,73>, Timestamp (nanoseconds): 1740691085876854784
Distance from last submap: 0.798568 m
Rotation from last submap: 2.5284 degrees
Using previous submap for vertex <0,73>
Submap pointer saved for vertex <0,73>.
Vertex ID: <0,74>, Timestamp (nanoseconds): 1740691086077110272
Distance from last submap: 1.17816 m
Rotation from last submap: 5.27732 degrees
Using previous submap for vertex <0,74>
Submap pointer saved for vertex <0,74>.
Vertex ID: <0,75>, Timestamp (nanoseconds): 1740691086277213696
Distance from last submap: 1.58775 m
Rotation from last submap: 2.48093 degrees
Creating new submap at vertex <0,75>
Transformation Matrix:
  0.998838  0.0320201   0.036006   -28.2182
-0.0321908   0.999473 0.00416928  -0.181088
-0.0358536 -0.0053235   0.999343    0.44108
         0          0          0          1
Original cloud size: 996179
Transformed cloud size: 996179
Cropped cloud size: 586835
Point cloud associated with vertex <0,75>.
Submap pointer saved for vertex <0,75>.
Using previous submap for vertex <0,75>
Submap pointer saved for vertex <0,75>.
Vertex ID: <0,76>, Timestamp (nanoseconds): 1740691086477815808
Distance from last submap: 0.411986 m
Rotation from last submap: 2.37733 degrees
Using previous submap for vertex <0,76>
Submap pointer saved for vertex <0,76>.
Vertex ID: <0,77>, Timestamp (nanoseconds): 1740691086687400192
Distance from last submap: 0.82452 m
Rotation from last submap: 0.696543 degrees
Using previous submap for vertex <0,77>
Submap pointer saved for vertex <0,77>.
Vertex ID: <0,78>, Timestamp (nanoseconds): 1740691086888450560
Distance from last submap: 1.21515 m
Rotation from last submap: 1.14953 degrees
Using previous submap for vertex <0,78>
Submap pointer saved for vertex <0,78>.
Vertex ID: <0,79>, Timestamp (nanoseconds): 1740691087098445056
Distance from last submap: 1.63236 m
Rotation from last submap: 0.959629 degrees
Creating new submap at vertex <0,79>
Transformation Matrix:
  0.998302  0.0319338  0.0487265   -29.8427
-0.0327014   0.999352  0.0150374  -0.169259
-0.0482147 -0.0166052   0.998699   0.807233
         0          0          0          1
Original cloud size: 996179
Transformed cloud size: 996179
Cropped cloud size: 586832
Point cloud associated with vertex <0,79>.
Submap pointer saved for vertex <0,79>.
Using previous submap for vertex <0,79>
Submap pointer saved for vertex <0,79>.
Vertex ID: <0,80>, Timestamp (nanoseconds): 1740691087307612928
Distance from last submap: 0.421341 m
Rotation from last submap: 0.39664 degrees
Using previous submap for vertex <0,80>
Submap pointer saved for vertex <0,80>.
Vertex ID: <0,81>, Timestamp (nanoseconds): 1740691087508005120
Distance from last submap: 0.820531 m
Rotation from last submap: 311.428 degrees
Creating new submap at vertex <0,81>
Transformation Matrix:
  0.998717  0.0307476  0.0402316   -30.6687
-0.0313556   0.999402  0.0145708  -0.210275
-0.0397596 -0.0158136   0.999084   0.550691
         0          0          0          1
Original cloud size: 996179
Transformed cloud size: 996179
Cropped cloud size: 585848
Point cloud associated with vertex <0,81>.
Submap pointer saved for vertex <0,81>.
Using previous submap for vertex <0,81>
Submap pointer saved for vertex <0,81>.
Vertex ID: <0,82>, Timestamp (nanoseconds): 1740691087708145920
Distance from last submap: 0.396361 m
Rotation from last submap: 0.492347 degrees
Using previous submap for vertex <0,82>
Submap pointer saved for vertex <0,82>.
Vertex ID: <0,83>, Timestamp (nanoseconds): 1740691087918553856
Distance from last submap: 0.811431 m
Rotation from last submap: 1.2184 degrees
Using previous submap for vertex <0,83>
Submap pointer saved for vertex <0,83>.
Vertex ID: <0,84>, Timestamp (nanoseconds): 1740691088128217088
Distance from last submap: 1.22902 m
Rotation from last submap: 1.30891 degrees
Using previous submap for vertex <0,84>
Submap pointer saved for vertex <0,84>.
Vertex ID: <0,85>, Timestamp (nanoseconds): 1740691088329456384
Distance from last submap: 1.6053 m
Rotation from last submap: 2.00094 degrees
Creating new submap at vertex <0,85>
Transformation Matrix:
  0.996403  0.0581001  0.0616835   -32.2491
-0.0591447   0.998133  0.0152454   0.680645
-0.0606826 -0.0188388   0.997979    1.20669
         0          0          0          1
Original cloud size: 996179
Transformed cloud size: 996179
Cropped cloud size: 581090
Point cloud associated with vertex <0,85>.
Submap pointer saved for vertex <0,85>.
Using previous submap for vertex <0,85>
Submap pointer saved for vertex <0,85>.
Vertex ID: <0,86>, Timestamp (nanoseconds): 1740691088538878720
Distance from last submap: 0.413765 m
Rotation from last submap: 4.82779 degrees
Using previous submap for vertex <0,86>
Submap pointer saved for vertex <0,86>.
Vertex ID: <0,87>, Timestamp (nanoseconds): 1740691088748295936
Distance from last submap: 0.812345 m
Rotation from last submap: 12.5698 degrees
Using previous submap for vertex <0,87>
Submap pointer saved for vertex <0,87>.
Vertex ID: <0,88>, Timestamp (nanoseconds): 1740691088948401664
Distance from last submap: 1.20839 m
Rotation from last submap: 16.7008 degrees
Using previous submap for vertex <0,88>
Submap pointer saved for vertex <0,88>.
Vertex ID: <0,89>, Timestamp (nanoseconds): 1740691089158403840
Distance from last submap: 1.62019 m
Rotation from last submap: 16.7296 degrees
Creating new submap at vertex <0,89>
Transformation Matrix:
  0.937227   0.342912  0.0633726   -32.2926
 -0.343755   0.939056 0.00256682    10.1702
-0.0586302 -0.0241903   0.997987    1.14888
         0          0          0          1
Original cloud size: 996179
Transformed cloud size: 996179
Cropped cloud size: 583259
Point cloud associated with vertex <0,89>.
Submap pointer saved for vertex <0,89>.
Using previous submap for vertex <0,89>
Submap pointer saved for vertex <0,89>.
Vertex ID: <0,90>, Timestamp (nanoseconds): 1740691089360345088
Distance from last submap: 0.39961 m
Rotation from last submap: 0.123098 degrees
Using previous submap for vertex <0,90>
Submap pointer saved for vertex <0,90>.
Vertex ID: <0,91>, Timestamp (nanoseconds): 1740691089569817088
Distance from last submap: 0.815182 m
Rotation from last submap: 0.81751 degrees
Using previous submap for vertex <0,91>
Submap pointer saved for vertex <0,91>.
Vertex ID: <0,92>, Timestamp (nanoseconds): 1740691089769896192
Distance from last submap: 1.19763 m
Rotation from last submap: 308.326 degrees
Creating new submap at vertex <0,92>
Transformation Matrix:
   0.904481    0.423768   0.0483197    -32.4903
  -0.424074    0.905618 -0.00424228     13.0468
 -0.0455569  -0.0166541    0.998823    0.684073
          0           0           0           1
Original cloud size: 996179
Transformed cloud size: 996179
Cropped cloud size: 586589
Point cloud associated with vertex <0,92>.
Submap pointer saved for vertex <0,92>.
Using previous submap for vertex <0,92>
Submap pointer saved for vertex <0,92>.
Vertex ID: <0,93>, Timestamp (nanoseconds): 1740691089979282688
Distance from last submap: 0.392421 m
Rotation from last submap: 308.446 degrees
Creating new submap at vertex <0,93>
Transformation Matrix:
  0.859804   0.508701  0.0442863   -31.4807
 -0.508763    0.86084 -0.0106903    16.1532
-0.0435616 -0.0133397   0.998962   0.603325
         0          0          0          1
Original cloud size: 996179
Transformed cloud size: 996179
Cropped cloud size: 587603
Point cloud associated with vertex <0,93>.
Submap pointer saved for vertex <0,93>.
Using previous submap for vertex <0,93>
Submap pointer saved for vertex <0,93>.
Vertex ID: <0,94>, Timestamp (nanoseconds): 1740691090179592448
Distance from last submap: 0.397354 m
Rotation from last submap: 311.237 degrees
Creating new submap at vertex <0,94>
Transformation Matrix:
  0.857084   0.512739  0.0500467   -31.7962
 -0.512608   0.858466 -0.0164027    16.2998
-0.0513737 -0.0115958   0.998612   0.876596
         0          0          0          1
Original cloud size: 996179
Transformed cloud size: 996179
Cropped cloud size: 589160
Point cloud associated with vertex <0,94>.
Submap pointer saved for vertex <0,94>.
Using previous submap for vertex <0,94>
Submap pointer saved for vertex <0,94>.
Vertex ID: <0,95>, Timestamp (nanoseconds): 1740691090379702016
Distance from last submap: 0.39788 m
Rotation from last submap: 311.56 degrees
Creating new submap at vertex <0,95>
Transformation Matrix:
   0.856576    0.513395   0.0519982    -32.1793
  -0.513093      0.8581  -0.0200171       16.32
 -0.0548963 -0.00953373    0.998447    0.998182
          0           0           0           1
Original cloud size: 996179
Transformed cloud size: 996179
Cropped cloud size: 590432
Point cloud associated with vertex <0,95>.
Submap pointer saved for vertex <0,95>.
Using previous submap for vertex <0,95>
Submap pointer saved for vertex <0,95>.
Vertex ID: <0,96>, Timestamp (nanoseconds): 1740691090579976192
Distance from last submap: 0.399882 m
Rotation from last submap: 311.668 degrees
Creating new submap at vertex <0,96>
Transformation Matrix:
   0.856144    0.514028   0.0528466    -32.5661
  -0.513651    0.857729  -0.0215124     16.3419
  -0.056386 -0.00872705    0.998371     1.05054
          0           0           0           1
Original cloud size: 996179
Transformed cloud size: 996179
Cropped cloud size: 591685
Point cloud associated with vertex <0,96>.
Submap pointer saved for vertex <0,96>.
Using previous submap for vertex <0,96>
Submap pointer saved for vertex <0,96>.
Vertex ID: <0,97>, Timestamp (nanoseconds): 1740691090782062848
Distance from last submap: 0.399483 m
Rotation from last submap: 311.681 degrees
Creating new submap at vertex <0,97>
Transformation Matrix:
   0.855704    0.514814   0.0523203    -32.9512
  -0.514362     0.85727  -0.0227944     16.3699
 -0.0565875 -0.00740636     0.99837      1.0546
          0           0           0           1
