[36m07:16:28.491 139695629410304 INFO [configure.cpp:47] [default] Logging to: example_log.txt
[0m[36m07:16:28.491 139695629410304 INFO [configure.cpp:49] [default] Enabled loggers: [test]
[0mPoint cloud loaded successfully.
Vertex ID: <0,0>, Timestamp (nanoseconds): 1745218779014609408
Creating new submap at vertex <0,0>
Transformation Matrix:
1 0 0 0
0 1 0 0
0 0 1 0
0 0 0 1
Original cloud size: 623079
Transformed cloud size: 623079
Cropped cloud size: 623079
Point cloud associated with vertex <0,0>.
Submap pointer saved for vertex <0,0>.
Using previous submap for vertex <0,0>
Submap pointer saved for vertex <0,0>.
Vertex ID: <0,1>, Timestamp (nanoseconds): 1745218779224099584
Distance from last submap: 0.000258199 m
Rotation from last submap: 311.767 degrees
Creating new submap at vertex <0,1>
Transformation Matrix:
           1 -2.24763e-05  9.91568e-06 -0.000256564
 2.24766e-05            1 -2.12787e-05 -2.54019e-05
 -9.9152e-06  2.12789e-05            1  1.40258e-05
           0            0            0            1
Original cloud size: 623079
Transformed cloud size: 623079
Cropped cloud size: 623079
Point cloud associated with vertex <0,1>.
Submap pointer saved for vertex <0,1>.
Using previous submap for vertex <0,1>
Submap pointer saved for vertex <0,1>.
Vertex ID: <0,2>, Timestamp (nanoseconds): 1745218779429225472
Distance from last submap: 0.00021097 m
Rotation from last submap: 311.768 degrees
Creating new submap at vertex <0,2>
Transformation Matrix:
           1  -4.9023e-05  1.95763e-05 -0.000465844
 4.90235e-05            1 -2.72764e-05  -5.1553e-05
-1.95749e-05  2.72774e-05            1  1.91718e-05
           0            0            0            1
Original cloud size: 623079
Transformed cloud size: 623079
Cropped cloud size: 623079
Point cloud associated with vertex <0,2>.
Submap pointer saved for vertex <0,2>.
Using previous submap for vertex <0,2>
Submap pointer saved for vertex <0,2>.
Vertex ID: <0,3>, Timestamp (nanoseconds): 1745218779638070784
Distance from last submap: 0.000205631 m
Rotation from last submap: 0.0125008 degrees
Using previous submap for vertex <0,3>
Submap pointer saved for vertex <0,3>.
Vertex ID: <0,4>, Timestamp (nanoseconds): 1745218779847849728
Distance from last submap: 0.000526558 m
Rotation from last submap: 0.00684912 degrees
Using previous submap for vertex <0,4>
Submap pointer saved for vertex <0,4>.
Vertex ID: <0,5>, Timestamp (nanoseconds): 1745218780056717312
Distance from last submap: 0.000784226 m
Rotation from last submap: 0.00773201 degrees
Using previous submap for vertex <0,5>
Submap pointer saved for vertex <0,5>.
Vertex ID: <0,6>, Timestamp (nanoseconds): 1745218780265356288
Distance from last submap: 0.00100178 m
Rotation from last submap: 311.764 degrees
Creating new submap at vertex <0,6>
Transformation Matrix:
           1 -0.000204766  1.05121e-05  -0.00146434
 0.000204767            1 -3.03135e-05   -0.0001318
-1.05058e-05  3.03156e-05            1  2.98579e-05
           0            0            0            1
Original cloud size: 623079
Transformed cloud size: 623079
Cropped cloud size: 623079
Point cloud associated with vertex <0,6>.
Submap pointer saved for vertex <0,6>.
Using previous submap for vertex <0,6>
Submap pointer saved for vertex <0,6>.
Vertex ID: <0,7>, Timestamp (nanoseconds): 1745218780475312128
Distance from last submap: 0.000299633 m
Rotation from last submap: 0.00807267 degrees
Using previous submap for vertex <0,7>
Submap pointer saved for vertex <0,7>.
Vertex ID: <0,8>, Timestamp (nanoseconds): 1745218780684306944
Distance from last submap: 0.000583376 m
Rotation from last submap: 0.00706707 degrees
Using previous submap for vertex <0,8>
Submap pointer saved for vertex <0,8>.
Vertex ID: <0,9>, Timestamp (nanoseconds): 1745218780884875776
Distance from last submap: 0.000828063 m
Rotation from last submap: 0.00794445 degrees
Using previous submap for vertex <0,9>
Submap pointer saved for vertex <0,9>.
Vertex ID: <0,10>, Timestamp (nanoseconds): 1745218781094769408
Distance from last submap: 0.00105048 m
Rotation from last submap: 0.0094817 degrees
Using previous submap for vertex <0,10>
Submap pointer saved for vertex <0,10>.
Vertex ID: <0,11>, Timestamp (nanoseconds): 1745218781303731200
Distance from last submap: 0.00137647 m
Rotation from last submap: 0.0177289 degrees
Using previous submap for vertex <0,11>
Submap pointer saved for vertex <0,11>.
Vertex ID: <0,12>, Timestamp (nanoseconds): 1745218781513654016
Distance from last submap: 0.00167676 m
Rotation from last submap: 0.0178103 degrees
Using previous submap for vertex <0,12>
Submap pointer saved for vertex <0,12>.
Vertex ID: <0,13>, Timestamp (nanoseconds): 1745218781714624256
Distance from last submap: 0.00367592 m
Rotation from last submap: 311.705 degrees
Creating new submap at vertex <0,13>
Transformation Matrix:
    0.999999 -0.000946057  0.000642961   -0.0051089
 0.000946434     0.999999 -0.000586995 -0.000293038
-0.000642405  0.000587603            1  0.000481388
           0            0            0            1
Original cloud size: 623079
Transformed cloud size: 623079
Cropped cloud size: 623079
Point cloud associated with vertex <0,13>.
Submap pointer saved for vertex <0,13>.
Using previous submap for vertex <0,13>
Submap pointer saved for vertex <0,13>.
Vertex ID: <0,14>, Timestamp (nanoseconds): 1745218781914819840
Distance from last submap: 0.0534732 m
Rotation from last submap: 0.211335 degrees
Using previous submap for vertex <0,14>
Submap pointer saved for vertex <0,14>.
Vertex ID: <0,15>, Timestamp (nanoseconds): 1745218782115595264
Distance from last submap: 0.180143 m
Rotation from last submap: 0.264833 degrees
Using previous submap for vertex <0,15>
Submap pointer saved for vertex <0,15>.
Vertex ID: <0,16>, Timestamp (nanoseconds): 1745218782325108224
Distance from last submap: 0.332616 m
Rotation from last submap: 0.332284 degrees
Using previous submap for vertex <0,16>
Submap pointer saved for vertex <0,16>.
Vertex ID: <0,17>, Timestamp (nanoseconds): 1745218782534939392
Distance from last submap: 0.485283 m
Rotation from last submap: 0.415708 degrees
Using previous submap for vertex <0,17>
Submap pointer saved for vertex <0,17>.
Vertex ID: <0,18>, Timestamp (nanoseconds): 1745218782744345344
Distance from last submap: 0.638147 m
Rotation from last submap: 0.513984 degrees
Using previous submap for vertex <0,18>
Submap pointer saved for vertex <0,18>.
Vertex ID: <0,19>, Timestamp (nanoseconds): 1745218782944367616
Distance from last submap: 0.787791 m
Rotation from last submap: 0.572257 degrees
Using previous submap for vertex <0,19>
Submap pointer saved for vertex <0,19>.
Vertex ID: <0,20>, Timestamp (nanoseconds): 1745218783154883840
Distance from last submap: 0.955692 m
Rotation from last submap: 0.651054 degrees
Using previous submap for vertex <0,20>
Submap pointer saved for vertex <0,20>.
Vertex ID: <0,21>, Timestamp (nanoseconds): 1745218783364713472
Distance from last submap: 1.1414 m
Rotation from last submap: 0.717696 degrees
Using previous submap for vertex <0,21>
Submap pointer saved for vertex <0,21>.
Vertex ID: <0,22>, Timestamp (nanoseconds): 1745218783574854144
Distance from last submap: 1.39363 m
Rotation from last submap: 1.09937 degrees
Using previous submap for vertex <0,22>
Submap pointer saved for vertex <0,22>.
Vertex ID: <0,23>, Timestamp (nanoseconds): 1745218783785185024
Distance from last submap: 1.66438 m
Rotation from last submap: 3.24538 degrees
Creating new submap at vertex <0,23>
Transformation Matrix:
    0.998502    0.0547153 -0.000226652     -1.66846
  -0.0547105     0.998455   0.00975482    0.0585203
  0.00076004  -0.00972781     0.999952   0.00430614
           0            0            0            1
Original cloud size: 623079
Transformed cloud size: 623079
Cropped cloud size: 623079
Point cloud associated with vertex <0,23>.
Submap pointer saved for vertex <0,23>.
Using previous submap for vertex <0,23>
Submap pointer saved for vertex <0,23>.
Vertex ID: <0,24>, Timestamp (nanoseconds): 1745218783985762304
Distance from last submap: 0.272821 m
Rotation from last submap: 2.77969 degrees
Using previous submap for vertex <0,24>
Submap pointer saved for vertex <0,24>.
Vertex ID: <0,25>, Timestamp (nanoseconds): 1745218784195102976
Distance from last submap: 0.55809 m
Rotation from last submap: 307.812 degrees
Creating new submap at vertex <0,25>
Transformation Matrix:
    0.985148      0.17169   0.00225942     -2.20562
   -0.171703     0.985118   0.00782451     0.306806
-0.000882405  -0.00809625     0.999967   0.00727719
           0            0            0            1
Original cloud size: 623079
Transformed cloud size: 623079
Cropped cloud size: 623079
Point cloud associated with vertex <0,25>.
Submap pointer saved for vertex <0,25>.
Using previous submap for vertex <0,25>
Submap pointer saved for vertex <0,25>.
Vertex ID: <0,26>, Timestamp (nanoseconds): 1745218784405753856
Distance from last submap: 0.271158 m
Rotation from last submap: 308.711 degrees
Creating new submap at vertex <0,26>
Transformation Matrix:
   0.966125    0.258039   0.0042068    -2.43677
  -0.258056    0.966121  0.00423398    0.548315
-0.00297175 -0.00517615    0.999982   0.0108555
          0           0           0           1
Original cloud size: 623079
Transformed cloud size: 623079
Cropped cloud size: 623079
Point cloud associated with vertex <0,26>.
Submap pointer saved for vertex <0,26>.
Using previous submap for vertex <0,26>
Submap pointer saved for vertex <0,26>.
Vertex ID: <0,27>, Timestamp (nanoseconds): 1745218784606184448
Distance from last submap: 0.258057 m
Rotation from last submap: 308.807 degrees
Creating new submap at vertex <0,27>
Transformation Matrix:
   0.940935    0.338508  0.00736554    -2.63571
  -0.338523    0.940958 0.000778606    0.798088
 -0.0066671 -0.00322602    0.999973   0.0200735
          0           0           0           1
Original cloud size: 623079
Transformed cloud size: 623079
Cropped cloud size: 623079
Point cloud associated with vertex <0,27>.
Submap pointer saved for vertex <0,27>.
Using previous submap for vertex <0,27>
Submap pointer saved for vertex <0,27>.
Vertex ID: <0,28>, Timestamp (nanoseconds): 1745218784806214144
Distance from last submap: 0.265143 m
Rotation from last submap: 309.093 degrees
Creating new submap at vertex <0,28>
Transformation Matrix:
   0.912257    0.409521  0.00895441    -2.83047
  -0.409511      0.9123  -0.0030171     1.02592
-0.00940468 -0.00091456    0.999955   0.0272235
          0           0           0           1
Original cloud size: 623079
Transformed cloud size: 623079
Cropped cloud size: 623079
Point cloud associated with vertex <0,28>.
Submap pointer saved for vertex <0,28>.
Using previous submap for vertex <0,28>
Submap pointer saved for vertex <0,28>.
Vertex ID: <0,29>, Timestamp (nanoseconds): 1745218785015428096
Distance from last submap: 0.291335 m
Rotation from last submap: 309.562 degrees
Creating new submap at vertex <0,29>
Transformation Matrix:
   0.884173    0.467091  0.00807534    -3.05031
  -0.467053    0.884208 -0.00611898     1.20825
 -0.0099984  0.00163862    0.999949   0.0283811
          0           0           0           1
Original cloud size: 623079
Transformed cloud size: 623079
Cropped cloud size: 623079
Point cloud associated with vertex <0,29>.
Submap pointer saved for vertex <0,29>.
Using previous submap for vertex <0,29>
Submap pointer saved for vertex <0,29>.
Vertex ID: <0,30>, Timestamp (nanoseconds): 1745218785225488896
Distance from last submap: 0.279413 m
Rotation from last submap: 308.524 degrees
Creating new submap at vertex <0,30>
Transformation Matrix:
  0.838198   0.545262  0.0106378   -3.20279
  -0.54515   0.838256 -0.0117544    1.53121
-0.0153264  0.0040533   0.999874  0.0444182
         0          0          0          1
Original cloud size: 623079
Transformed cloud size: 623079
Cropped cloud size: 623079
Point cloud associated with vertex <0,30>.
Submap pointer saved for vertex <0,30>.
Using previous submap for vertex <0,30>
Submap pointer saved for vertex <0,30>.
Vertex ID: <0,31>, Timestamp (nanoseconds): 1745218785426054144
Distance from last submap: 0.263355 m
Rotation from last submap: 308.38 degrees
Creating new submap at vertex <0,31>
Transformation Matrix:
  0.781745   0.623494  0.0114438   -3.29928
 -0.623284   0.781802 -0.0174092    1.88004
-0.0198013 0.00647681   0.999783  0.0595436
         0          0          0          1
Original cloud size: 623079
Transformed cloud size: 623079
Cropped cloud size: 623079
Point cloud associated with vertex <0,31>.
Submap pointer saved for vertex <0,31>.
Using previous submap for vertex <0,31>
Submap pointer saved for vertex <0,31>.
Vertex ID: <0,32>, Timestamp (nanoseconds): 1745218785636208640
Distance from last submap: 0.278166 m
Rotation from last submap: 308.321 degrees
Creating new submap at vertex <0,32>
Transformation Matrix:
   0.71562    0.69838  0.0123559    -3.3701
 -0.698091   0.715697 -0.0211272     2.2416
-0.0235979 0.00649356     0.9997  0.0740795
         0          0          0          1
Original cloud size: 623079
Transformed cloud size: 623079
Cropped cloud size: 623079
Point cloud associated with vertex <0,32>.
Submap pointer saved for vertex <0,32>.
Using previous submap for vertex <0,32>
Submap pointer saved for vertex <0,32>.
Vertex ID: <0,33>, Timestamp (nanoseconds): 1745218785845942784
Distance from last submap: 0.281601 m
Rotation from last submap: 311.5 degrees
Creating new submap at vertex <0,33>
Transformation Matrix:
  0.711539   0.702551  0.0115944   -3.63856
 -0.702226   0.711587 -0.0228593    2.26449
-0.0243102 0.00812341   0.999671  0.0758582
         0          0          0          1
Original cloud size: 623079
Transformed cloud size: 623079
Cropped cloud size: 623079
Point cloud associated with vertex <0,33>.
Submap pointer saved for vertex <0,33>.
Using previous submap for vertex <0,33>
Submap pointer saved for vertex <0,33>.
Vertex ID: <0,34>, Timestamp (nanoseconds): 1745218786046181376
Distance from last submap: 0.267414 m
Rotation from last submap: 311.631 degrees
Creating new submap at vertex <0,34>
Transformation Matrix:
  0.710696   0.703436 0.00941919   -3.90324
 -0.703113   0.710686  -0.023614    2.26903
 -0.023305  0.0101596   0.999677  0.0696418
         0          0          0          1
Original cloud size: 623079
Transformed cloud size: 623079
Cropped cloud size: 623079
Point cloud associated with vertex <0,34>.
Submap pointer saved for vertex <0,34>.
Using previous submap for vertex <0,34>
Submap pointer saved for vertex <0,34>.
Vertex ID: <0,35>, Timestamp (nanoseconds): 1745218786255406336
Distance from last submap: 0.279793 m
Rotation from last submap: 0.0596473 degrees
Using previous submap for vertex <0,35>
Submap pointer saved for vertex <0,35>.
Vertex ID: <0,36>, Timestamp (nanoseconds): 1745218786456728320
Distance from last submap: 0.547875 m
Rotation from last submap: 0.0890135 degrees
Using previous submap for vertex <0,36>
Submap pointer saved for vertex <0,36>.
Vertex ID: <0,37>, Timestamp (nanoseconds): 1745218786658763008
Distance from last submap: 0.814316 m
Rotation from last submap: 0.0786858 degrees
Using previous submap for vertex <0,37>
Submap pointer saved for vertex <0,37>.
Vertex ID: <0,38>, Timestamp (nanoseconds): 1745218786868149504
Distance from last submap: 1.09504 m
Rotation from last submap: 0.266168 degrees
Using previous submap for vertex <0,38>
Submap pointer saved for vertex <0,38>.
Vertex ID: <0,39>, Timestamp (nanoseconds): 1745218787077923584
Distance from last submap: 1.37644 m
Rotation from last submap: 0.499815 degrees
Using previous submap for vertex <0,39>
Submap pointer saved for vertex <0,39>.
Vertex ID: <0,40>, Timestamp (nanoseconds): 1745218787286808320
Distance from last submap: 1.65803 m
Rotation from last submap: 1.0275 degrees
Creating new submap at vertex <0,40>
Transformation Matrix:
   0.72097   0.692952 0.00449861    -5.5941
 -0.692839   0.720947 -0.0145022    2.19481
-0.0132926 0.00733882   0.999885  0.0234192
         0          0          0          1
Original cloud size: 623079
Transformed cloud size: 623079
Cropped cloud size: 623079
Point cloud associated with vertex <0,40>.
Submap pointer saved for vertex <0,40>.
Using previous submap for vertex <0,40>
Submap pointer saved for vertex <0,40>.
Vertex ID: <0,41>, Timestamp (nanoseconds): 1745218787497832704
Distance from last submap: 0.279103 m
Rotation from last submap: 0.326201 degrees
Using previous submap for vertex <0,41>
Submap pointer saved for vertex <0,41>.
Vertex ID: <0,42>, Timestamp (nanoseconds): 1745218787706654464
Distance from last submap: 0.558924 m
Rotation from last submap: 0.427857 degrees
Using previous submap for vertex <0,42>
Submap pointer saved for vertex <0,42>.
Vertex ID: <0,43>, Timestamp (nanoseconds): 1745218787907477760
Distance from last submap: 0.830688 m
Rotation from last submap: 2.53384 degrees
Using previous submap for vertex <0,43>
Submap pointer saved for vertex <0,43>.
Vertex ID: <0,44>, Timestamp (nanoseconds): 1745218788117579776
Distance from last submap: 1.11129 m
Rotation from last submap: 3.56972 degrees
Using previous submap for vertex <0,44>
Submap pointer saved for vertex <0,44>.
Vertex ID: <0,45>, Timestamp (nanoseconds): 1745218788327236352
Distance from last submap: 1.3913 m
Rotation from last submap: 3.60605 degrees
Using previous submap for vertex <0,45>
Submap pointer saved for vertex <0,45>.
Vertex ID: <0,46>, Timestamp (nanoseconds): 1745218788537280768
Distance from last submap: 1.67307 m
Rotation from last submap: 3.63423 degrees
Creating new submap at vertex <0,46>
Transformation Matrix:
   0.762689    0.646626   0.0134439    -7.39236
  -0.646608    0.762797  -0.0062392     1.79895
 -0.0142894 -0.00393435     0.99989   0.0608077
          0           0           0           1
Original cloud size: 623079
Transformed cloud size: 623079
Cropped cloud size: 623079
Point cloud associated with vertex <0,46>.
Submap pointer saved for vertex <0,46>.
Using previous submap for vertex <0,46>
Submap pointer saved for vertex <0,46>.
Vertex ID: <0,47>, Timestamp (nanoseconds): 1745218788738364672
Distance from last submap: 0.269468 m
Rotation from last submap: 311.667 degrees
Creating new submap at vertex <0,47>
Transformation Matrix:
   0.762309    0.647115    0.011254     -7.6608
  -0.647087    0.762389 -0.00650116     1.80374
 -0.0127869 -0.00232639    0.999916   0.0442747
          0           0           0           1
Original cloud size: 623079
Transformed cloud size: 623079
Cropped cloud size: 623079
Point cloud associated with vertex <0,47>.
Submap pointer saved for vertex <0,47>.
Using previous submap for vertex <0,47>
Submap pointer saved for vertex <0,47>.
Vertex ID: <0,48>, Timestamp (nanoseconds): 1745218788948104704
Distance from last submap: 0.305427 m
Rotation from last submap: 0.0954689 degrees
Using previous submap for vertex <0,48>
Submap pointer saved for vertex <0,48>.
Vertex ID: <0,49>, Timestamp (nanoseconds): 1745218789157991168
Distance from last submap: 0.61734 m
Rotation from last submap: 0.432453 degrees
Using previous submap for vertex <0,49>
Submap pointer saved for vertex <0,49>.
Vertex ID: <0,50>, Timestamp (nanoseconds): 1745218789368119552
Distance from last submap: 0.943574 m
Rotation from last submap: 0.923883 degrees
Using previous submap for vertex <0,50>
Submap pointer saved for vertex <0,50>.
Vertex ID: <0,51>, Timestamp (nanoseconds): 1745218789568661504
Distance from last submap: 1.28018 m
Rotation from last submap: 1.41404 degrees
Using previous submap for vertex <0,51>
Submap pointer saved for vertex <0,51>.
Vertex ID: <0,52>, Timestamp (nanoseconds): 1745218789778429952
Distance from last submap: 1.67668 m
Rotation from last submap: 1.58389 degrees
Creating new submap at vertex <0,52>
Transformation Matrix:
   0.761819    0.646646   0.0384729    -9.33367
  -0.647074    0.762426 -0.00172109     1.80424
 -0.0304457  -0.0235836    0.999258    0.266998
          0           0           0           1
Original cloud size: 623079
Transformed cloud size: 623079
Cropped cloud size: 623079
Point cloud associated with vertex <0,52>.
Submap pointer saved for vertex <0,52>.
Using previous submap for vertex <0,52>
Submap pointer saved for vertex <0,52>.
Vertex ID: <0,53>, Timestamp (nanoseconds): 1745218789988860672
Distance from last submap: 0.422665 m
Rotation from last submap: 0.646614 degrees
Using previous submap for vertex <0,53>
Submap pointer saved for vertex <0,53>.
Vertex ID: <0,54>, Timestamp (nanoseconds): 1745218790198498304
Distance from last submap: 0.844252 m
Rotation from last submap: 0.705289 degrees
Using previous submap for vertex <0,54>
Submap pointer saved for vertex <0,54>.
Vertex ID: <0,55>, Timestamp (nanoseconds): 1745218790408144640
Distance from last submap: 1.26058 m
Rotation from last submap: 311.574 degrees
Creating new submap at vertex <0,55>
Transformation Matrix:
   0.763467    0.644582   0.0403881    -10.5984
  -0.645014    0.764165 -0.00297077     1.77797
 -0.0327781  -0.0237828     0.99918     0.29696
          0           0           0           1
Original cloud size: 623079
Transformed cloud size: 623079
Cropped cloud size: 623079
Point cloud associated with vertex <0,55>.
Submap pointer saved for vertex <0,55>.
Using previous submap for vertex <0,55>
Submap pointer saved for vertex <0,55>.
Vertex ID: <0,56>, Timestamp (nanoseconds): 1745218790608356096
Distance from last submap: 0.396115 m
Rotation from last submap: 311.317 degrees
Creating new submap at vertex <0,56>
Transformation Matrix:
   0.761992    0.645476    0.052238    -10.9874
  -0.646225     0.76314 -0.00326783     1.79469
 -0.0419742  -0.0312674    0.998629    0.425938
          0           0           0           1
Original cloud size: 623079
Transformed cloud size: 623079
Cropped cloud size: 623079
Point cloud associated with vertex <0,56>.
Submap pointer saved for vertex <0,56>.
Using previous submap for vertex <0,56>
Submap pointer saved for vertex <0,56>.
Vertex ID: <0,57>, Timestamp (nanoseconds): 1745218790808373248
Distance from last submap: 0.39891 m
Rotation from last submap: 0.143541 degrees
Using previous submap for vertex <0,57>
Submap pointer saved for vertex <0,57>.
Vertex ID: <0,58>, Timestamp (nanoseconds): 1745218791009324288
Distance from last submap: 0.800319 m
Rotation from last submap: 311.595 degrees
Creating new submap at vertex <0,58>
Transformation Matrix:
   0.763808    0.643458   0.0505839    -11.7932
  -0.644121    0.764913 -0.00402999     1.76306
 -0.0412854  -0.0295041    0.998712     0.40949
          0           0           0           1
Original cloud size: 623079
Transformed cloud size: 623079
Cropped cloud size: 623079
Point cloud associated with vertex <0,58>.
Submap pointer saved for vertex <0,58>.
Using previous submap for vertex <0,58>
Submap pointer saved for vertex <0,58>.
Vertex ID: <0,59>, Timestamp (nanoseconds): 1745218791219610368
Distance from last submap: 0.421762 m
Rotation from last submap: 311.493 degrees
Creating new submap at vertex <0,59>
Transformation Matrix:
   0.765041    0.642398   0.0451245    -12.2198
  -0.642862    0.765964 -0.00526877     1.74334
 -0.0379484   -0.024978    0.998967     0.34428
          0           0           0           1
Original cloud size: 623079
Transformed cloud size: 623079
Cropped cloud size: 623079
Point cloud associated with vertex <0,59>.
Submap pointer saved for vertex <0,59>.
Using previous submap for vertex <0,59>
Submap pointer saved for vertex <0,59>.
Vertex ID: <0,60>, Timestamp (nanoseconds): 1745218791429091328
Distance from last submap: 0.417064 m
Rotation from last submap: 311.362 degrees
Creating new submap at vertex <0,60>
Transformation Matrix:
   0.762927    0.644555   0.0499181    -12.6298
  -0.644949    0.764161 -0.00991692     1.77651
 -0.0445374  -0.0246287    0.998704    0.411707
          0           0           0           1
Original cloud size: 623079
Transformed cloud size: 623079
Cropped cloud size: 623079
Point cloud associated with vertex <0,60>.
Submap pointer saved for vertex <0,60>.
Using previous submap for vertex <0,60>
Submap pointer saved for vertex <0,60>.
Vertex ID: <0,61>, Timestamp (nanoseconds): 1745218791638589952
Distance from last submap: 0.419197 m
Rotation from last submap: 311.489 degrees
Creating new submap at vertex <0,61>
Transformation Matrix:
  0.763099   0.644032  0.0538783   -13.0483
 -0.644336   0.764617  -0.013838    1.76609
-0.0501084  -0.024156   0.998452   0.469823
         0          0          0          1
Original cloud size: 623079
Transformed cloud size: 623079
Cropped cloud size: 623079
Point cloud associated with vertex <0,61>.
Submap pointer saved for vertex <0,61>.
Using previous submap for vertex <0,61>
Submap pointer saved for vertex <0,61>.
Vertex ID: <0,62>, Timestamp (nanoseconds): 1745218791838726144
Distance from last submap: 0.398618 m
Rotation from last submap: 311.552 degrees
Creating new submap at vertex <0,62>
Transformation Matrix:
  0.762885   0.643993  0.0572654   -13.4451
 -0.644216   0.764656 -0.0169433    1.76434
-0.0546997 -0.0239655   0.998215   0.520509
         0          0          0          1
Original cloud size: 623079
Transformed cloud size: 623079
Cropped cloud size: 623079
Point cloud associated with vertex <0,62>.
Submap pointer saved for vertex <0,62>.
Using previous submap for vertex <0,62>
Submap pointer saved for vertex <0,62>.
Vertex ID: <0,63>, Timestamp (nanoseconds): 1745218792039435776
Distance from last submap: 0.400035 m
Rotation from last submap: 311.726 degrees
Creating new submap at vertex <0,63>
Transformation Matrix:
  0.762856   0.644005  0.0575157    -13.845
 -0.644178   0.764665 -0.0179594    1.76389
-0.0555461 -0.0233499   0.998183   0.526343
         0          0          0          1
Original cloud size: 623079
Transformed cloud size: 623079
Cropped cloud size: 623079
Point cloud associated with vertex <0,63>.
Submap pointer saved for vertex <0,63>.
Using previous submap for vertex <0,63>
Submap pointer saved for vertex <0,63>.
Vertex ID: <0,64>, Timestamp (nanoseconds): 1745218792240623616
Distance from last submap: 0.399582 m
Rotation from last submap: 311.652 degrees
Creating new submap at vertex <0,64>
Transformation Matrix:
  0.762287   0.644748  0.0567297   -14.2433
 -0.644799   0.764094 -0.0198398    1.77581
-0.0561385 -0.0214557   0.998192   0.518756
         0          0          0          1
Original cloud size: 623079
Transformed cloud size: 623079
Cropped cloud size: 623079
Point cloud associated with vertex <0,64>.
Submap pointer saved for vertex <0,64>.
Using previous submap for vertex <0,64>
Submap pointer saved for vertex <0,64>.
Vertex ID: <0,65>, Timestamp (nanoseconds): 1745218792450753536
Distance from last submap: 0.41995 m
Rotation from last submap: 311.618 degrees
Creating new submap at vertex <0,65>
Transformation Matrix:
  0.762671    0.64447  0.0546947    -14.665
 -0.644363   0.764405 -0.0219246    1.76798
-0.0559386  -0.018522   0.998262   0.493187
         0          0          0          1
Original cloud size: 623079
Transformed cloud size: 623079
Cropped cloud size: 623079
Point cloud associated with vertex <0,65>.
Submap pointer saved for vertex <0,65>.
Using previous submap for vertex <0,65>
Submap pointer saved for vertex <0,65>.
Vertex ID: <0,66>, Timestamp (nanoseconds): 1745218792660051456
Distance from last submap: 0.419626 m
Rotation from last submap: 311.649 degrees
Creating new submap at vertex <0,66>
Transformation Matrix:
  0.763002   0.644052  0.0549982   -15.0854
 -0.643792   0.764802 -0.0246901    1.75762
-0.0579644 -0.0165688   0.998181   0.501442
         0          0          0          1
Original cloud size: 623079
Transformed cloud size: 623079
Cropped cloud size: 623079
Point cloud associated with vertex <0,66>.
Submap pointer saved for vertex <0,66>.
Using previous submap for vertex <0,66>
Submap pointer saved for vertex <0,66>.
Vertex ID: <0,67>, Timestamp (nanoseconds): 1745218792869583616
Distance from last submap: 0.419844 m
Rotation from last submap: 311.621 degrees
Creating new submap at vertex <0,67>
Transformation Matrix:
  0.763237   0.643791  0.0547865    -15.506
 -0.643296   0.765083  -0.028588    1.74923
 -0.060321 -0.0134245   0.998089   0.505916
         0          0          0          1
Original cloud size: 623079
Transformed cloud size: 623079
Cropped cloud size: 623079
Point cloud associated with vertex <0,67>.
Submap pointer saved for vertex <0,67>.
Using previous submap for vertex <0,67>
Submap pointer saved for vertex <0,67>.
Vertex ID: <0,68>, Timestamp (nanoseconds): 1745218793079467264
Distance from last submap: 0.421378 m
Rotation from last submap: 311.498 degrees
Creating new submap at vertex <0,68>
Transformation Matrix:
   0.763074    0.644269   0.0513376     -15.928
  -0.643485    0.764757  -0.0327768       1.755
 -0.0603779 -0.00802384    0.998143    0.459121
          0           0           0           1
Original cloud size: 623079
Transformed cloud size: 623079
Cropped cloud size: 623079
Point cloud associated with vertex <0,68>.
Submap pointer saved for vertex <0,68>.
Using previous submap for vertex <0,68>
Submap pointer saved for vertex <0,68>.
Vertex ID: <0,69>, Timestamp (nanoseconds): 1745218793280156416
Distance from last submap: 0.400544 m
Rotation from last submap: 311.496 degrees
Creating new submap at vertex <0,69>
Transformation Matrix:
   0.762266    0.645454   0.0483775    -16.3271
  -0.644421    0.763793  -0.0366479      1.7765
 -0.0606049 -0.00323998    0.998157    0.418192
          0           0           0           1
Original cloud size: 623079
Transformed cloud size: 623079
Cropped cloud size: 623079
Point cloud associated with vertex <0,69>.
Submap pointer saved for vertex <0,69>.
Using previous submap for vertex <0,69>
Submap pointer saved for vertex <0,69>.
Vertex ID: <0,70>, Timestamp (nanoseconds): 1745218793480307200
Distance from last submap: 0.400857 m
Rotation from last submap: 311.551 degrees
Creating new submap at vertex <0,70>
Transformation Matrix:
   0.76269   0.645192  0.0450675   -16.7299
 -0.643981   0.764019 -0.0395365    1.76856
-0.0599411 0.00113148   0.998201   0.368975
         0          0          0          1
Original cloud size: 623079
Transformed cloud size: 623079
Cropped cloud size: 623079
Point cloud associated with vertex <0,70>.
Submap pointer saved for vertex <0,70>.
Using previous submap for vertex <0,70>
Submap pointer saved for vertex <0,70>.
Vertex ID: <0,71>, Timestamp (nanoseconds): 1745218793689485568
Distance from last submap: 0.420856 m
Rotation from last submap: 311.524 degrees
Creating new submap at vertex <0,71>
Transformation Matrix:
  0.762898   0.645203  0.0412366    -17.152
 -0.643794   0.763985 -0.0430737    1.76676
-0.0592954 0.00631295   0.998221   0.309869
         0          0          0          1
Original cloud size: 623079
Transformed cloud size: 623079
Cropped cloud size: 623079
Point cloud associated with vertex <0,71>.
Submap pointer saved for vertex <0,71>.
Using previous submap for vertex <0,71>
Submap pointer saved for vertex <0,71>.
Vertex ID: <0,72>, Timestamp (nanoseconds): 1745218793890986752
Distance from last submap: 0.399843 m
Rotation from last submap: 311.482 degrees
Creating new submap at vertex <0,72>
Transformation Matrix:
  0.763768   0.644025   0.043484   -17.5539
 -0.642298   0.764956 -0.0479218    1.73598
-0.0641261 0.00867141   0.997904   0.354578
         0          0          0          1
Original cloud size: 623079
Transformed cloud size: 623079
Cropped cloud size: 623079
Point cloud associated with vertex <0,72>.
Submap pointer saved for vertex <0,72>.
Using previous submap for vertex <0,72>
Submap pointer saved for vertex <0,72>.
Vertex ID: <0,73>, Timestamp (nanoseconds): 1745218794101371648
Distance from last submap: 0.420051 m
Rotation from last submap: 311.606 degrees
Creating new submap at vertex <0,73>
Transformation Matrix:
  0.762746   0.645367  0.0414843   -17.9714
 -0.643578   0.763796 -0.0492257    1.76685
-0.0634541  0.0108483   0.997926   0.324819
         0          0          0          1
Original cloud size: 623079
Transformed cloud size: 623079
Cropped cloud size: 623079
Point cloud associated with vertex <0,73>.
Submap pointer saved for vertex <0,73>.
Using previous submap for vertex <0,73>
Submap pointer saved for vertex <0,73>.
Vertex ID: <0,74>, Timestamp (nanoseconds): 1745218794310837760
Distance from last submap: 0.421526 m
Rotation from last submap: 311.446 degrees
Creating new submap at vertex <0,74>
Transformation Matrix:
  0.761168   0.647441  0.0380091    -18.389
 -0.645462   0.761952 -0.0529862    1.81502
-0.0632665   0.015798   0.997872   0.269647
         0          0          0          1
Original cloud size: 623079
Transformed cloud size: 623079
Cropped cloud size: 623079
Point cloud associated with vertex <0,74>.
Submap pointer saved for vertex <0,74>.
Using previous submap for vertex <0,74>
Submap pointer saved for vertex <0,74>.
Vertex ID: <0,75>, Timestamp (nanoseconds): 1745218794521154304
Distance from last submap: 0.421979 m
Rotation from last submap: 311.477 degrees
Creating new submap at vertex <0,75>
Transformation Matrix:
  0.762786    0.64586  0.0319804   -18.8157
 -0.643947   0.763184 -0.0536837    1.77791
-0.0590791  0.0203555   0.998046   0.157642
         0          0          0          1
Original cloud size: 623079
Transformed cloud size: 623079
Cropped cloud size: 623079
Point cloud associated with vertex <0,75>.
Submap pointer saved for vertex <0,75>.
Using previous submap for vertex <0,75>
Submap pointer saved for vertex <0,75>.
Vertex ID: <0,76>, Timestamp (nanoseconds): 1745218794721502208
Distance from last submap: 0.402222 m
Rotation from last submap: 0.549845 degrees
Using previous submap for vertex <0,76>
Submap pointer saved for vertex <0,76>.
Vertex ID: <0,77>, Timestamp (nanoseconds): 1745218794931482112
Distance from last submap: 0.828482 m
Rotation from last submap: 2.20068 degrees
Using previous submap for vertex <0,77>
Submap pointer saved for vertex <0,77>.
Vertex ID: <0,78>, Timestamp (nanoseconds): 1745218795140997120
Distance from last submap: 1.24426 m
Rotation from last submap: 3.90657 degrees
Using previous submap for vertex <0,78>
Submap pointer saved for vertex <0,78>.
Vertex ID: <0,79>, Timestamp (nanoseconds): 1745218795351164672
Distance from last submap: 1.66425 m
Rotation from last submap: 4.338 degrees
Creating new submap at vertex <0,79>
Transformation Matrix:
   0.803428    0.594898    0.024481    -20.5547
  -0.594731    0.803796  -0.0144108     0.48604
 -0.0282507 -0.00298152    0.999596  -0.0664061
          0           0           0           1
Original cloud size: 623079
Transformed cloud size: 623079
Cropped cloud size: 623079
Point cloud associated with vertex <0,79>.
Submap pointer saved for vertex <0,79>.
Using previous submap for vertex <0,79>
Submap pointer saved for vertex <0,79>.
Vertex ID: <0,80>, Timestamp (nanoseconds): 1745218795552309760
Distance from last submap: 0.396324 m
Rotation from last submap: 0.510865 degrees
Using previous submap for vertex <0,80>
Submap pointer saved for vertex <0,80>.
Vertex ID: <0,81>, Timestamp (nanoseconds): 1745218795761393152
Distance from last submap: 0.816144 m
Rotation from last submap: 0.851147 degrees
Using previous submap for vertex <0,81>
Submap pointer saved for vertex <0,81>.
Vertex ID: <0,82>, Timestamp (nanoseconds): 1745218795972148480
Distance from last submap: 1.23586 m
Rotation from last submap: 0.894849 degrees
Using previous submap for vertex <0,82>
Submap pointer saved for vertex <0,82>.
Vertex ID: <0,83>, Timestamp (nanoseconds): 1745218796181904384
Distance from last submap: 1.65652 m
Rotation from last submap: 0.990121 degrees
Creating new submap at vertex <0,83>
Transformation Matrix:
  0.808383   0.587356  0.0391169   -22.2136
 -0.587371   0.809224 -0.0123272   0.282562
-0.0388948 -0.0130111   0.999159    0.23955
         0          0          0          1
Original cloud size: 623079
Transformed cloud size: 623079
Cropped cloud size: 623079
Point cloud associated with vertex <0,83>.
Submap pointer saved for vertex <0,83>.
Using previous submap for vertex <0,83>
Submap pointer saved for vertex <0,83>.
Vertex ID: <0,84>, Timestamp (nanoseconds): 1745218796391267328
Distance from last submap: 0.426032 m
Rotation from last submap: 311.063 degrees
Creating new submap at vertex <0,84>
Transformation Matrix:
   0.817813    0.574413   0.0351082     -22.642
  -0.574347     0.81851  -0.0129367  -0.0795742
 -0.0361674 -0.00958455      0.9993    0.144599
          0           0           0           1
Original cloud size: 623079
Transformed cloud size: 623079
Cropped cloud size: 623079
Point cloud associated with vertex <0,84>.
Submap pointer saved for vertex <0,84>.
Using previous submap for vertex <0,84>
Submap pointer saved for vertex <0,84>.
Vertex ID: <0,85>, Timestamp (nanoseconds): 1745218796592991744
Distance from last submap: 0.400981 m
Rotation from last submap: 311.522 degrees
Creating new submap at vertex <0,85>
Transformation Matrix:
    0.81798    0.574419     0.03084    -23.0434
   -0.57421    0.818549  -0.0161204  -0.0812296
 -0.0345039 -0.00452249    0.999394   0.0474261
          0           0           0           1
Original cloud size: 623079
Transformed cloud size: 623079
Cropped cloud size: 623079
Point cloud associated with vertex <0,85>.
Submap pointer saved for vertex <0,85>.
Using previous submap for vertex <0,85>
Submap pointer saved for vertex <0,85>.
Vertex ID: <0,86>, Timestamp (nanoseconds): 1745218796802845440
Distance from last submap: 0.4227 m
Rotation from last submap: 310.908 degrees
Creating new submap at vertex <0,86>
Transformation Matrix:
     0.8287    0.559095   0.0258621    -23.4604
  -0.558813    0.829103  -0.0177629   -0.518946
 -0.0313735 0.000268101    0.999508  -0.0764361
          0           0           0           1
Original cloud size: 623079
Transformed cloud size: 623079
Cropped cloud size: 623079
Point cloud associated with vertex <0,86>.
Submap pointer saved for vertex <0,86>.
Using previous submap for vertex <0,86>
Submap pointer saved for vertex <0,86>.
Vertex ID: <0,87>, Timestamp (nanoseconds): 1745218797013194496
Distance from last submap: 0.410674 m
Rotation from last submap: 309.987 degrees
Creating new submap at vertex <0,87>
Transformation Matrix:
  0.853386   0.520808  0.0221788   -23.8217
 -0.520432   0.853652 -0.0206985   -1.61209
-0.0297129 0.00612124    0.99954   -0.18827
         0          0          0          1
Original cloud size: 623079
Transformed cloud size: 623079
Cropped cloud size: 623079
Point cloud associated with vertex <0,87>.
Submap pointer saved for vertex <0,87>.
Using previous submap for vertex <0,87>
Submap pointer saved for vertex <0,87>.
Vertex ID: <0,88>, Timestamp (nanoseconds): 1745218797222059264
Distance from last submap: 0.422697 m
Rotation from last submap: 311.562 degrees
Creating new submap at vertex <0,88>
Transformation Matrix:
  0.853945   0.519968  0.0202814   -24.2425
 -0.519507   0.854127 -0.0240629   -1.63567
-0.0298348  0.0100121   0.999505  -0.240716
         0          0          0          1
Original cloud size: 623079
Transformed cloud size: 623079
Cropped cloud size: 623079
Point cloud associated with vertex <0,88>.
Submap pointer saved for vertex <0,88>.
Using previous submap for vertex <0,88>
Submap pointer saved for vertex <0,88>.
Vertex ID: <0,89>, Timestamp (nanoseconds): 1745218797422115328
Distance from last submap: 0.399093 m
Rotation from last submap: 311.617 degrees
Creating new submap at vertex <0,89>
Transformation Matrix:
  0.853983   0.519952  0.0190426   -24.6412
 -0.519405   0.854088 -0.0274173   -1.63537
-0.0305198  0.0135231   0.999443  -0.276497
         0          0          0          1
Original cloud size: 623079
Transformed cloud size: 623079
