[36m19:52:05.337 140050144849920 INFO [configure.cpp:47] [default] Logging to: example_log.txt
[0m[36m19:52:05.338 140050144849920 INFO [configure.cpp:49] [default] Enabled loggers: [test]
[0mPoint cloud loaded successfully.
Vertex ID: <0,0>, Timestamp (nanoseconds): 1740265738283697152
Creating new submap at vertex <0,0>
Transformation Matrix:
1 0 0 0
0 1 0 0
0 0 1 0
0 0 0 1
Original cloud size: 999167
Transformed cloud size: 999167
Cropped cloud size: 215776
Point cloud associated with vertex <0,0>.
Submap pointer saved for vertex <0,0>.
Using previous submap for vertex <0,0>
Submap pointer saved for vertex <0,0>.
Vertex ID: <0,1>, Timestamp (nanoseconds): 1740265738483871232
Distance from last submap: 0.000167441 m
Rotation from last submap: 311.759 degrees
Creating new submap at vertex <0,1>
Transformation Matrix:
           1 -2.36123e-05 -0.000229745 -5.84163e-05
 2.35969e-05            1  -6.7363e-05 -0.000142418
 0.000229746  6.73576e-05            1 -6.58881e-05
           0            0            0            1
Original cloud size: 999167
Transformed cloud size: 999167
Cropped cloud size: 215781
Point cloud associated with vertex <0,1>.
Submap pointer saved for vertex <0,1>.
Using previous submap for vertex <0,1>
Submap pointer saved for vertex <0,1>.
Vertex ID: <0,2>, Timestamp (nanoseconds): 1740265738691392000
Distance from last submap: 0.000281811 m
Rotation from last submap: 311.764 degrees
Creating new submap at vertex <0,2>
Transformation Matrix:
           1 -8.40837e-05 -0.000147867 -0.000340118
  8.4073e-05            1 -7.24857e-05 -0.000137454
 0.000147873  7.24733e-05            1  -5.9992e-05
           0            0            0            1
Original cloud size: 999167
Transformed cloud size: 999167
Cropped cloud size: 215780
Point cloud associated with vertex <0,2>.
Submap pointer saved for vertex <0,2>.
Using previous submap for vertex <0,2>
Submap pointer saved for vertex <0,2>.
Vertex ID: <0,3>, Timestamp (nanoseconds): 1740265738899423232
Distance from last submap: 0.000303956 m
Rotation from last submap: 0.0021286 degrees
Using previous submap for vertex <0,3>
Submap pointer saved for vertex <0,3>.
Vertex ID: <0,4>, Timestamp (nanoseconds): 1740265739099452928
Distance from last submap: 0.000131844 m
Rotation from last submap: 0.0401466 degrees
Using previous submap for vertex <0,4>
Submap pointer saved for vertex <0,4>.
Vertex ID: <0,5>, Timestamp (nanoseconds): 1740265739308422912
Distance from last submap: 0.000240247 m
Rotation from last submap: 311.754 degrees
Creating new submap at vertex <0,5>
Transformation Matrix:
           1  0.000322585  -0.00020253 -0.000424441
  -0.0003226            1 -7.25681e-05 -0.000362292
 0.000202506  7.26334e-05            1 -6.17791e-05
           0            0            0            1
Original cloud size: 999167
Transformed cloud size: 999167
Cropped cloud size: 215781
Point cloud associated with vertex <0,5>.
Submap pointer saved for vertex <0,5>.
Using previous submap for vertex <0,5>
Submap pointer saved for vertex <0,5>.
Vertex ID: <0,6>, Timestamp (nanoseconds): 1740265739517633024
Distance from last submap: 0.000484923 m
Rotation from last submap: 0.042005 degrees
Using previous submap for vertex <0,6>
Submap pointer saved for vertex <0,6>.
Vertex ID: <0,7>, Timestamp (nanoseconds): 1740265739726142720
Distance from last submap: 0.000833132 m
Rotation from last submap: 0.0555234 degrees
Using previous submap for vertex <0,7>
Submap pointer saved for vertex <0,7>.
Vertex ID: <0,8>, Timestamp (nanoseconds): 1740265739926772224
Distance from last submap: 0.000787294 m
Rotation from last submap: 311.743 degrees
Creating new submap at vertex <0,8>
Transformation Matrix:
    0.999999   0.00106424 -0.000231087  0.000227143
 -0.00106426     0.999999  -7.8298e-05 -0.000803421
 0.000231004  7.85439e-05            1  -5.4712e-05
           0            0            0            1
Original cloud size: 999167
Transformed cloud size: 999167
Cropped cloud size: 215779
Point cloud associated with vertex <0,8>.
Submap pointer saved for vertex <0,8>.
Using previous submap for vertex <0,8>
Submap pointer saved for vertex <0,8>.
Vertex ID: <0,9>, Timestamp (nanoseconds): 1740265740135560704
Distance from last submap: 0.000842158 m
Rotation from last submap: 0.0533199 degrees
Using previous submap for vertex <0,9>
Submap pointer saved for vertex <0,9>.
Vertex ID: <0,10>, Timestamp (nanoseconds): 1740265740336311040
Distance from last submap: 0.00167642 m
Rotation from last submap: 0.11613 degrees
Using previous submap for vertex <0,10>
Submap pointer saved for vertex <0,10>.
Vertex ID: <0,11>, Timestamp (nanoseconds): 1740265740546453504
Distance from last submap: 0.00216349 m
Rotation from last submap: 0.126528 degrees
Using previous submap for vertex <0,11>
Submap pointer saved for vertex <0,11>.
Vertex ID: <0,12>, Timestamp (nanoseconds): 1740265740754790912
Distance from last submap: 0.00258549 m
Rotation from last submap: 0.146246 degrees
Using previous submap for vertex <0,12>
Submap pointer saved for vertex <0,12>.
Vertex ID: <0,13>, Timestamp (nanoseconds): 1740265740955185408
Distance from last submap: 0.00234992 m
Rotation from last submap: 0.130832 degrees
Using previous submap for vertex <0,13>
Submap pointer saved for vertex <0,13>.
Vertex ID: <0,14>, Timestamp (nanoseconds): 1740265741165930496
Distance from last submap: 0.00338464 m
Rotation from last submap: 0.189323 degrees
Using previous submap for vertex <0,14>
Submap pointer saved for vertex <0,14>.
Vertex ID: <0,15>, Timestamp (nanoseconds): 1740265741375073280
Distance from last submap: 0.00480426 m
Rotation from last submap: 311.56 degrees
Creating new submap at vertex <0,15>
Transformation Matrix:
    0.999981   0.00591519   -0.0016521   0.00420076
 -0.00591541     0.999982 -0.000125546  -0.00349231
  0.00165133  0.000135317     0.999999  0.000136941
           0            0            0            1
Original cloud size: 999167
Transformed cloud size: 999167
Cropped cloud size: 215785
Point cloud associated with vertex <0,15>.
Submap pointer saved for vertex <0,15>.
Using previous submap for vertex <0,15>
Submap pointer saved for vertex <0,15>.
Vertex ID: <0,16>, Timestamp (nanoseconds): 1740265741586024192
Distance from last submap: 0.00141043 m
Rotation from last submap: 0.108136 degrees
Using previous submap for vertex <0,16>
Submap pointer saved for vertex <0,16>.
Vertex ID: <0,17>, Timestamp (nanoseconds): 1740265741794683136
Distance from last submap: 0.036408 m
Rotation from last submap: 0.398336 degrees
Using previous submap for vertex <0,17>
Submap pointer saved for vertex <0,17>.
Vertex ID: <0,18>, Timestamp (nanoseconds): 1740265741995985408
Distance from last submap: 0.2651 m
Rotation from last submap: 0.558781 degrees
Using previous submap for vertex <0,18>
Submap pointer saved for vertex <0,18>.
Vertex ID: <0,19>, Timestamp (nanoseconds): 1740265742204995328
Distance from last submap: 0.675359 m
Rotation from last submap: 0.681775 degrees
Using previous submap for vertex <0,19>
Submap pointer saved for vertex <0,19>.
Vertex ID: <0,20>, Timestamp (nanoseconds): 1740265742415119872
Distance from last submap: 1.09615 m
Rotation from last submap: 1.22556 degrees
Using previous submap for vertex <0,20>
Submap pointer saved for vertex <0,20>.
Vertex ID: <0,21>, Timestamp (nanoseconds): 1740265742615408896
Distance from last submap: 1.49004 m
Rotation from last submap: 5.52931 degrees
Using previous submap for vertex <0,21>
Submap pointer saved for vertex <0,21>.
Vertex ID: <0,22>, Timestamp (nanoseconds): 1740265742817238784
Distance from last submap: 1.93378 m
Rotation from last submap: 13.0972 degrees
Creating new submap at vertex <0,22>
Transformation Matrix:
  0.973077   0.219928  0.0689464   -1.88726
 -0.220876   0.975281 0.00634108   0.391883
-0.0658476  -0.021399     0.9976  0.0898717
         0          0          0          1
Original cloud size: 999167
Transformed cloud size: 999167
Cropped cloud size: 229215
Point cloud associated with vertex <0,22>.
Submap pointer saved for vertex <0,22>.
Using previous submap for vertex <0,22>
Submap pointer saved for vertex <0,22>.
Vertex ID: <0,23>, Timestamp (nanoseconds): 1740265743025984000
Distance from last submap: 0.433186 m
Rotation from last submap: 309.771 degrees
Creating new submap at vertex <0,23>
Transformation Matrix:
   0.965076    0.245531   0.0913409    -2.30639
  -0.245911    0.969265 -0.00724486    0.458543
 -0.0903124  -0.0154699    0.995793    0.139429
          0           0           0           1
Original cloud size: 999167
Transformed cloud size: 999167
Cropped cloud size: 232194
Point cloud associated with vertex <0,23>.
Submap pointer saved for vertex <0,23>.
Using previous submap for vertex <0,23>
Submap pointer saved for vertex <0,23>.
Vertex ID: <0,24>, Timestamp (nanoseconds): 1740265743226184704
Distance from last submap: 0.402505 m
Rotation from last submap: 0.302795 degrees
Using previous submap for vertex <0,24>
Submap pointer saved for vertex <0,24>.
Vertex ID: <0,25>, Timestamp (nanoseconds): 1740265743427447552
Distance from last submap: 0.799017 m
Rotation from last submap: 311.454 degrees
Creating new submap at vertex <0,25>
Transformation Matrix:
    0.96359    0.249299   0.0966617    -3.10277
   -0.24973    0.968284 -0.00781118     0.46745
 -0.0955433  -0.0166126    0.995287    0.156334
          0           0           0           1
Original cloud size: 999167
Transformed cloud size: 999167
Cropped cloud size: 237817
Point cloud associated with vertex <0,25>.
Submap pointer saved for vertex <0,25>.
Using previous submap for vertex <0,25>
Submap pointer saved for vertex <0,25>.
Vertex ID: <0,26>, Timestamp (nanoseconds): 1740265743637573376
Distance from last submap: 0.419333 m
Rotation from last submap: 0.972036 degrees
Using previous submap for vertex <0,26>
Submap pointer saved for vertex <0,26>.
Vertex ID: <0,27>, Timestamp (nanoseconds): 1740265743846995712
Distance from last submap: 0.84099 m
Rotation from last submap: 1.30752 degrees
Using previous submap for vertex <0,27>
Submap pointer saved for vertex <0,27>.
Vertex ID: <0,28>, Timestamp (nanoseconds): 1740265744047382272
Distance from last submap: 1.24397 m
Rotation from last submap: 2.2533 degrees
Using previous submap for vertex <0,28>
Submap pointer saved for vertex <0,28>.
Vertex ID: <0,29>, Timestamp (nanoseconds): 1740265744257806336
Distance from last submap: 1.66711 m
Rotation from last submap: 3.12684 degrees
Creating new submap at vertex <0,29>
Transformation Matrix:
  0.964832   0.249687  0.0821888   -4.77156
 -0.253843   0.966218  0.0445791   0.486972
-0.0682814 -0.0638744   0.995619  0.0659528
         0          0          0          1
Original cloud size: 999167
Transformed cloud size: 999167
Cropped cloud size: 249690
Point cloud associated with vertex <0,29>.
Submap pointer saved for vertex <0,29>.
Using previous submap for vertex <0,29>
Submap pointer saved for vertex <0,29>.
Vertex ID: <0,30>, Timestamp (nanoseconds): 1740265744467623680
Distance from last submap: 0.415269 m
Rotation from last submap: 1.05104 degrees
Using previous submap for vertex <0,30>
Submap pointer saved for vertex <0,30>.
Vertex ID: <0,31>, Timestamp (nanoseconds): 1740265744667904512
Distance from last submap: 0.816935 m
Rotation from last submap: 1.57885 degrees
Using previous submap for vertex <0,31>
Submap pointer saved for vertex <0,31>.
Vertex ID: <0,32>, Timestamp (nanoseconds): 1740265744868095744
Distance from last submap: 1.22226 m
Rotation from last submap: 310.607 degrees
Creating new submap at vertex <0,32>
Transformation Matrix:
  0.968821   0.238671  0.0664972   -5.99978
 -0.241476    0.96967   0.037819   0.425341
 -0.055454 -0.0526973    0.99707 -0.0219618
         0          0          0          1
Original cloud size: 999167
Transformed cloud size: 999167
Cropped cloud size: 258327
Point cloud associated with vertex <0,32>.
Submap pointer saved for vertex <0,32>.
Using previous submap for vertex <0,32>
Submap pointer saved for vertex <0,32>.
Vertex ID: <0,33>, Timestamp (nanoseconds): 1740265745077526272
Distance from last submap: 0.432077 m
Rotation from last submap: 310.177 degrees
Creating new submap at vertex <0,33>
Transformation Matrix:
   0.97017   0.240568  0.0299537   -6.42687
 -0.241367   0.970065  0.0267387   0.426046
-0.0226246 -0.0331709   0.999194   -0.24591
         0          0          0          1
Original cloud size: 999167
Transformed cloud size: 999167
Cropped cloud size: 261208
Point cloud associated with vertex <0,33>.
Submap pointer saved for vertex <0,33>.
Using previous submap for vertex <0,33>
Submap pointer saved for vertex <0,33>.
Vertex ID: <0,34>, Timestamp (nanoseconds): 1740265745279695360
Distance from last submap: 0.411284 m
Rotation from last submap: 310.846 degrees
Creating new submap at vertex <0,34>
Transformation Matrix:
  0.969744   0.243581   0.016246   -6.83296
 -0.243827   0.969697  0.0153645   0.444435
-0.0120112 -0.0188609    0.99975  -0.334182
         0          0          0          1
Original cloud size: 999167
Transformed cloud size: 999167
Cropped cloud size: 264095
Point cloud associated with vertex <0,34>.
Submap pointer saved for vertex <0,34>.
Using previous submap for vertex <0,34>
Submap pointer saved for vertex <0,34>.
Vertex ID: <0,35>, Timestamp (nanoseconds): 1740265745487854336
Distance from last submap: 0.422743 m
Rotation from last submap: 311.301 degrees
Creating new submap at vertex <0,35>
Transformation Matrix:
  0.968329   0.249287  0.0139518   -7.25217
 -0.249426   0.968349 0.00933743    0.48702
-0.0111825 -0.0125216   0.999859  -0.349406
         0          0          0          1
Original cloud size: 999167
Transformed cloud size: 999167
Cropped cloud size: 267164
Point cloud associated with vertex <0,35>.
Submap pointer saved for vertex <0,35>.
Using previous submap for vertex <0,35>
Submap pointer saved for vertex <0,35>.
Vertex ID: <0,36>, Timestamp (nanoseconds): 1740265745689662976
Distance from last submap: 0.41563 m
Rotation from last submap: 311.439 degrees
Creating new submap at vertex <0,36>
Transformation Matrix:
  0.967088   0.253925  0.0162146   -7.66612
 -0.254052    0.96717 0.00632481   0.524211
-0.0140763  -0.010236   0.999849  -0.331966
         0          0          0          1
Original cloud size: 999167
Transformed cloud size: 999167
Cropped cloud size: 270364
Point cloud associated with vertex <0,36>.
Submap pointer saved for vertex <0,36>.
Using previous submap for vertex <0,36>
Submap pointer saved for vertex <0,36>.
Vertex ID: <0,37>, Timestamp (nanoseconds): 1740265745899290368
Distance from last submap: 0.418595 m
Rotation from last submap: 311.407 degrees
Creating new submap at vertex <0,37>
Transformation Matrix:
   0.967307    0.252742   0.0209321     -8.0868
  -0.252824    0.967511  0.00131986    0.514863
 -0.0199184 -0.00656885     0.99978    -0.29244
          0           0           0           1
Original cloud size: 999167
Transformed cloud size: 999167
Cropped cloud size: 273451
Point cloud associated with vertex <0,37>.
Submap pointer saved for vertex <0,37>.
Using previous submap for vertex <0,37>
Submap pointer saved for vertex <0,37>.
Vertex ID: <0,38>, Timestamp (nanoseconds): 1740265746099471616
Distance from last submap: 0.407061 m
Rotation from last submap: 311.444 degrees
Creating new submap at vertex <0,38>
Transformation Matrix:
   0.966869    0.254006   0.0253876    -8.49439
  -0.254019    0.967195  -0.0027694    0.526229
 -0.0252582 -0.00377127    0.999674   -0.253432
          0           0           0           1
Original cloud size: 999167
Transformed cloud size: 999167
Cropped cloud size: 276456
Point cloud associated with vertex <0,38>.
Submap pointer saved for vertex <0,38>.
Using previous submap for vertex <0,38>
Submap pointer saved for vertex <0,38>.
Vertex ID: <0,39>, Timestamp (nanoseconds): 1740265746310335232
Distance from last submap: 0.419944 m
Rotation from last submap: 310.016 degrees
Creating new submap at vertex <0,39>
Transformation Matrix:
   0.953456    0.300491   0.0250369    -8.87785
  -0.300363    0.953784 -0.00878972     0.96716
 -0.0265211 0.000860442    0.999648   -0.250246
          0           0           0           1
Original cloud size: 999167
Transformed cloud size: 999167
Cropped cloud size: 279543
Point cloud associated with vertex <0,39>.
Submap pointer saved for vertex <0,39>.
Using previous submap for vertex <0,39>
Submap pointer saved for vertex <0,39>.
Vertex ID: <0,40>, Timestamp (nanoseconds): 1740265746520625664
Distance from last submap: 0.438554 m
Rotation from last submap: 307.21 degrees
Creating new submap at vertex <0,40>
Transformation Matrix:
  0.906207    0.42215   0.024058   -9.10742
 -0.421762   0.906493 -0.0196597     2.1978
-0.0301077 0.00766898   0.999517  -0.231331
         0          0          0          1
Original cloud size: 999167
Transformed cloud size: 999167
Cropped cloud size: 282850
Point cloud associated with vertex <0,40>.
Submap pointer saved for vertex <0,40>.
Using previous submap for vertex <0,40>
Submap pointer saved for vertex <0,40>.
Vertex ID: <0,41>, Timestamp (nanoseconds): 1740265746729107968
Distance from last submap: 0.417126 m
Rotation from last submap: 309.587 degrees
Creating new submap at vertex <0,41>
Transformation Matrix:
  0.878112   0.477981  0.0213187   -9.36726
 -0.477517   0.878308  -0.023515    2.80133
-0.0299641  0.0104688   0.999496   -0.23835
         0          0          0          1
Original cloud size: 999167
Transformed cloud size: 999167
Cropped cloud size: 285887
Point cloud associated with vertex <0,41>.
Submap pointer saved for vertex <0,41>.
Using previous submap for vertex <0,41>
Submap pointer saved for vertex <0,41>.
Vertex ID: <0,42>, Timestamp (nanoseconds): 1740265746929835008
Distance from last submap: 0.401513 m
Rotation from last submap: 311.646 degrees
Creating new submap at vertex <0,42>
Transformation Matrix:
  0.876696   0.480603  0.0206188   -9.76019
 -0.480142   0.876871 -0.0236607    2.82991
-0.0294514  0.0108433   0.999507  -0.243538
         0          0          0          1
Original cloud size: 999167
Transformed cloud size: 999167
Cropped cloud size: 288637
Point cloud associated with vertex <0,42>.
Submap pointer saved for vertex <0,42>.
Using previous submap for vertex <0,42>
Submap pointer saved for vertex <0,42>.
Vertex ID: <0,43>, Timestamp (nanoseconds): 1740265747139715328
Distance from last submap: 0.425456 m
Rotation from last submap: 0.477012 degrees
Using previous submap for vertex <0,43>
Submap pointer saved for vertex <0,43>.
Vertex ID: <0,44>, Timestamp (nanoseconds): 1740265747341169152
Distance from last submap: 0.826229 m
Rotation from last submap: 0.486163 degrees
Using previous submap for vertex <0,44>
Submap pointer saved for vertex <0,44>.
Vertex ID: <0,45>, Timestamp (nanoseconds): 1740265747550839552
Distance from last submap: 1.24981 m
Rotation from last submap: 0.378588 degrees
Using previous submap for vertex <0,45>
Submap pointer saved for vertex <0,45>.
Vertex ID: <0,46>, Timestamp (nanoseconds): 1740265747761248256
Distance from last submap: 1.67014 m
Rotation from last submap: 0.37714 degrees
Creating new submap at vertex <0,46>
Transformation Matrix:
  0.878077   0.478145  0.0189328   -11.4377
 -0.477856   0.878256 -0.0179063    2.80373
-0.0251896 0.00667595    0.99966  -0.271465
         0          0          0          1
Original cloud size: 999167
Transformed cloud size: 999167
Cropped cloud size: 299692
Point cloud associated with vertex <0,46>.
Submap pointer saved for vertex <0,46>.
Using previous submap for vertex <0,46>
Submap pointer saved for vertex <0,46>.
Vertex ID: <0,47>, Timestamp (nanoseconds): 1740265747962038784
Distance from last submap: 0.404394 m
Rotation from last submap: 0.359122 degrees
Using previous submap for vertex <0,47>
Submap pointer saved for vertex <0,47>.
Vertex ID: <0,48>, Timestamp (nanoseconds): 1740265748170949888
Distance from last submap: 0.830692 m
Rotation from last submap: 1.20767 degrees
Using previous submap for vertex <0,48>
Submap pointer saved for vertex <0,48>.
Vertex ID: <0,49>, Timestamp (nanoseconds): 1740265748371298304
Distance from last submap: 1.23688 m
Rotation from last submap: 1.95718 degrees
Using previous submap for vertex <0,49>
Submap pointer saved for vertex <0,49>.
Vertex ID: <0,50>, Timestamp (nanoseconds): 1740265748571568384
Distance from last submap: 1.64368 m
Rotation from last submap: 2.1864 degrees
Creating new submap at vertex <0,50>
Transformation Matrix:
  0.881162   0.472474 -0.0179446   -13.0793
 -0.472691   0.881164 -0.0106436    2.72707
 0.0107833  0.0178611   0.999782  -0.743848
         0          0          0          1
Original cloud size: 999167
Transformed cloud size: 999167
Cropped cloud size: 310252
Point cloud associated with vertex <0,50>.
Submap pointer saved for vertex <0,50>.
Using previous submap for vertex <0,50>
Submap pointer saved for vertex <0,50>.
Vertex ID: <0,51>, Timestamp (nanoseconds): 1740265748772222720
Distance from last submap: 0.395847 m
Rotation from last submap: 0.800856 degrees
Using previous submap for vertex <0,51>
Submap pointer saved for vertex <0,51>.
Vertex ID: <0,52>, Timestamp (nanoseconds): 1740265748982064384
Distance from last submap: 0.813089 m
Rotation from last submap: 2.20688 degrees
Using previous submap for vertex <0,52>
Submap pointer saved for vertex <0,52>.
Vertex ID: <0,53>, Timestamp (nanoseconds): 1740265749190856704
Distance from last submap: 1.22647 m
Rotation from last submap: 3.47279 degrees
Using previous submap for vertex <0,53>
Submap pointer saved for vertex <0,53>.
Vertex ID: <0,54>, Timestamp (nanoseconds): 1740265749392846336
Distance from last submap: 1.62255 m
Rotation from last submap: 3.89845 degrees
Creating new submap at vertex <0,54>
Transformation Matrix:
  0.873832    0.48378  0.0487293   -14.6857
 -0.483879   0.875072 -0.0105364    2.91372
-0.0477389 -0.0143721   0.998756   0.180061
         0          0          0          1
Original cloud size: 999167
Transformed cloud size: 999167
Cropped cloud size: 321506
Point cloud associated with vertex <0,54>.
Submap pointer saved for vertex <0,54>.
Using previous submap for vertex <0,54>
Submap pointer saved for vertex <0,54>.
Vertex ID: <0,55>, Timestamp (nanoseconds): 1740265749602204160
Distance from last submap: 0.434749 m
Rotation from last submap: 310.203 degrees
Creating new submap at vertex <0,55>
Transformation Matrix:
  0.854004   0.518565  0.0420522    -14.992
 -0.518494   0.854976 -0.0134145    3.52214
-0.0429099 -0.0103478   0.999025  0.0918962
         0          0          0          1
Original cloud size: 999167
Transformed cloud size: 999167
Cropped cloud size: 324234
Point cloud associated with vertex <0,55>.
Submap pointer saved for vertex <0,55>.
Using previous submap for vertex <0,55>
Submap pointer saved for vertex <0,55>.
Vertex ID: <0,56>, Timestamp (nanoseconds): 1740265749802736896
Distance from last submap: 0.406287 m
Rotation from last submap: 308.587 degrees
Creating new submap at vertex <0,56>
Transformation Matrix:
   0.807626    0.588833   0.0318708    -15.0445
  -0.588499     0.80825  -0.0200068     4.82928
 -0.0375402 -0.00259795    0.999292  -0.0261645
          0           0           0           1
Original cloud size: 999167
Transformed cloud size: 999167
Cropped cloud size: 326763
Point cloud associated with vertex <0,56>.
Submap pointer saved for vertex <0,56>.
Using previous submap for vertex <0,56>
Submap pointer saved for vertex <0,56>.
Vertex ID: <0,57>, Timestamp (nanoseconds): 1740265750003847680
Distance from last submap: 0.407927 m
Rotation from last submap: 308.515 degrees
Creating new submap at vertex <0,57>
Transformation Matrix:
   0.75231   0.658481  0.0207657   -14.9577
 -0.658098   0.752589 -0.0227157    6.20634
-0.0305859 0.00342335   0.999526  -0.162462
         0          0          0          1
Original cloud size: 999167
Transformed cloud size: 999167
Cropped cloud size: 329030
Point cloud associated with vertex <0,57>.
Submap pointer saved for vertex <0,57>.
Using previous submap for vertex <0,57>
Submap pointer saved for vertex <0,57>.
Vertex ID: <0,58>, Timestamp (nanoseconds): 1740265750212912384
Distance from last submap: 0.425179 m
Rotation from last submap: 310.329 degrees
Creating new submap at vertex <0,58>
Transformation Matrix:
  0.728395   0.685031   0.013184    -15.148
 -0.684657   0.728463  -0.024228    6.76921
 -0.026201 0.00862102    0.99962   -0.25837
         0          0          0          1
Original cloud size: 999167
Transformed cloud size: 999167
Cropped cloud size: 331228
Point cloud associated with vertex <0,58>.
Submap pointer saved for vertex <0,58>.
Using previous submap for vertex <0,58>
Submap pointer saved for vertex <0,58>.
Vertex ID: <0,59>, Timestamp (nanoseconds): 1740265750412915712
Distance from last submap: 0.403156 m
Rotation from last submap: 311.47 degrees
Creating new submap at vertex <0,59>
Transformation Matrix:
  0.729465   0.683991 0.00609402   -15.5579
 -0.683682   0.729358 -0.0248162    6.74879
-0.0214187  0.0139361   0.999673  -0.363468
         0          0          0          1
Original cloud size: 999167
Transformed cloud size: 999167
Cropped cloud size: 332904
Point cloud associated with vertex <0,59>.
Submap pointer saved for vertex <0,59>.
Using previous submap for vertex <0,59>
Submap pointer saved for vertex <0,59>.
Vertex ID: <0,60>, Timestamp (nanoseconds): 1740265750613392128
Distance from last submap: 0.407995 m
Rotation from last submap: 0.435767 degrees
Using previous submap for vertex <0,60>
Submap pointer saved for vertex <0,60>.
Vertex ID: <0,61>, Timestamp (nanoseconds): 1740265750813544192
Distance from last submap: 0.808918 m
Rotation from last submap: 0.754445 degrees
Using previous submap for vertex <0,61>
Submap pointer saved for vertex <0,61>.
Vertex ID: <0,62>, Timestamp (nanoseconds): 1740265751014043904
Distance from last submap: 1.21709 m
Rotation from last submap: 1.04789 degrees
Using previous submap for vertex <0,62>
Submap pointer saved for vertex <0,62>.
Vertex ID: <0,63>, Timestamp (nanoseconds): 1740265751223107584
Distance from last submap: 1.6393 m
Rotation from last submap: 1.66087 degrees
Creating new submap at vertex <0,63>
Transformation Matrix:
   0.728157    0.685155   -0.018714    -17.1673
  -0.685376    0.728122 -0.00989049     6.77914
 0.00684958    0.020028    0.999776   -0.872055
          0           0           0           1
Original cloud size: 999167
Transformed cloud size: 999167
Cropped cloud size: 339461
Point cloud associated with vertex <0,63>.
Submap pointer saved for vertex <0,63>.
Using previous submap for vertex <0,63>
Submap pointer saved for vertex <0,63>.
Vertex ID: <0,64>, Timestamp (nanoseconds): 1740265751423480320
Distance from last submap: 0.400989 m
Rotation from last submap: 0.858717 degrees
Using previous submap for vertex <0,64>
Submap pointer saved for vertex <0,64>.
Vertex ID: <0,65>, Timestamp (nanoseconds): 1740265751633563136
Distance from last submap: 0.813691 m
Rotation from last submap: 3.08048 degrees
Using previous submap for vertex <0,65>
Submap pointer saved for vertex <0,65>.
Vertex ID: <0,66>, Timestamp (nanoseconds): 1740265751844216576
Distance from last submap: 1.22417 m
Rotation from last submap: 5.14334 degrees
Using previous submap for vertex <0,66>
Submap pointer saved for vertex <0,66>.
Vertex ID: <0,67>, Timestamp (nanoseconds): 1740265752045310976
Distance from last submap: 1.63278 m
Rotation from last submap: 3.62499 degrees
Creating new submap at vertex <0,67>
Transformation Matrix:
  0.732082   0.680062  0.0396314   -18.8683
 -0.680935   0.732211  0.0139125    6.66197
-0.0195572 -0.0371715   0.999118 0.00332692
         0          0          0          1
Original cloud size: 999167
Transformed cloud size: 999167
Cropped cloud size: 346631
Point cloud associated with vertex <0,67>.
Submap pointer saved for vertex <0,67>.
Using previous submap for vertex <0,67>
Submap pointer saved for vertex <0,67>.
Vertex ID: <0,68>, Timestamp (nanoseconds): 1740265752254665216
Distance from last submap: 0.431215 m
Rotation from last submap: 310.14 degrees
Creating new submap at vertex <0,68>
Transformation Matrix:
   0.736008    0.676967 -0.00283757     -19.319
  -0.676892    0.735979   0.0123577     6.55665
  0.0104541 -0.00717464     0.99992   -0.800626
          0           0           0           1
Original cloud size: 999167
Transformed cloud size: 999167
Cropped cloud size: 347619
Point cloud associated with vertex <0,68>.
Submap pointer saved for vertex <0,68>.
Using previous submap for vertex <0,68>
Submap pointer saved for vertex <0,68>.
Vertex ID: <0,69>, Timestamp (nanoseconds): 1740265752463937024
Distance from last submap: 0.433537 m
Rotation from last submap: 309.937 degrees
Creating new submap at vertex <0,69>
Transformation Matrix:
  0.737727   0.674358 -0.0316261   -19.7438
 -0.674921   0.737799 -0.0116006    6.51417
 0.0155108  0.0299031   0.999432    -1.2099
         0          0          0          1
Original cloud size: 999167
Transformed cloud size: 999167
Cropped cloud size: 348940
Point cloud associated with vertex <0,69>.
Submap pointer saved for vertex <0,69>.
Using previous submap for vertex <0,69>
Submap pointer saved for vertex <0,69>.
Vertex ID: <0,70>, Timestamp (nanoseconds): 1740265752665720320
Distance from last submap: 0.396474 m
Rotation from last submap: 311.077 degrees
Creating new submap at vertex <0,70>
Transformation Matrix:
   0.737451    0.675195   -0.016632    -20.1521
    -0.6754    0.737257  -0.0169693     6.53109
0.000804464   0.0237472    0.999718   -0.884385
          0           0           0           1
Original cloud size: 999167
Transformed cloud size: 999167
Cropped cloud size: 350514
Point cloud associated with vertex <0,70>.
Submap pointer saved for vertex <0,70>.
Using previous submap for vertex <0,70>
Submap pointer saved for vertex <0,70>.
Vertex ID: <0,71>, Timestamp (nanoseconds): 1740265752875235840
Distance from last submap: 0.415064 m
Rotation from last submap: 309.833 degrees
Creating new submap at vertex <0,71>
Transformation Matrix:
  0.735434   0.677093  0.0261222   -20.5731
 -0.676385   0.735878 -0.0314178    6.56773
-0.0404955 0.00543707   0.999165  0.0816335
         0          0          0          1
Original cloud size: 999167
Transformed cloud size: 999167
Cropped cloud size: 352450
Point cloud associated with vertex <0,71>.
Submap pointer saved for vertex <0,71>.
Using previous submap for vertex <0,71>
Submap pointer saved for vertex <0,71>.
Vertex ID: <0,72>, Timestamp (nanoseconds): 1740265753085137664
Distance from last submap: 0.415434 m
Rotation from last submap: 1.10491 degrees
Using previous submap for vertex <0,72>
Submap pointer saved for vertex <0,72>.
Vertex ID: <0,73>, Timestamp (nanoseconds): 1740265753295177984
Distance from last submap: 0.83466 m
Rotation from last submap: 1.26053 degrees
Using previous submap for vertex <0,73>
Submap pointer saved for vertex <0,73>.
Vertex ID: <0,74>, Timestamp (nanoseconds): 1740265753505396224
Distance from last submap: 1.25812 m
Rotation from last submap: 1.41741 degrees
Using previous submap for vertex <0,74>
Submap pointer saved for vertex <0,74>.
Vertex ID: <0,75>, Timestamp (nanoseconds): 1740265753715031552
Distance from last submap: 1.67986 m
Rotation from last submap: 1.36235 degrees
Creating new submap at vertex <0,75>
Transformation Matrix:
  0.734406   0.677599  0.0388183   -22.2458
 -0.677741   0.735213 -0.0113941    6.59496
-0.0362603 -0.0179408   0.999181   0.212679
         0          0          0          1
Original cloud size: 999167
Transformed cloud size: 999167
Cropped cloud size: 357832
Point cloud associated with vertex <0,75>.
Submap pointer saved for vertex <0,75>.
Using previous submap for vertex <0,75>
Submap pointer saved for vertex <0,75>.
Vertex ID: <0,76>, Timestamp (nanoseconds): 1740265753915859712
Distance from last submap: 0.405645 m
Rotation from last submap: 0.498775 degrees
Using previous submap for vertex <0,76>
Submap pointer saved for vertex <0,76>.
Vertex ID: <0,77>, Timestamp (nanoseconds): 1740265754125332992
Distance from last submap: 0.826878 m
Rotation from last submap: 0.783319 degrees
Using previous submap for vertex <0,77>
Submap pointer saved for vertex <0,77>.
Vertex ID: <0,78>, Timestamp (nanoseconds): 1740265754325837312
Distance from last submap: 1.2423 m
Rotation from last submap: 1.24543 degrees
Using previous submap for vertex <0,78>
Submap pointer saved for vertex <0,78>.
Vertex ID: <0,79>, Timestamp (nanoseconds): 1740265754525859072
Distance from last submap: 1.65116 m
Rotation from last submap: 3.9353 degrees
Creating new submap at vertex <0,79>
Transformation Matrix:
   0.688654    0.724839   0.0190771    -23.4096
  -0.724761    0.688896   -0.012022     8.16033
 -0.0218561 -0.00554734    0.999746    -0.22734
          0           0           0           1
Original cloud size: 999167
Transformed cloud size: 999167
Cropped cloud size: 361342
Point cloud associated with vertex <0,79>.
Submap pointer saved for vertex <0,79>.
Using previous submap for vertex <0,79>
Submap pointer saved for vertex <0,79>.
Vertex ID: <0,80>, Timestamp (nanoseconds): 1740265754725965568
Distance from last submap: 0.404299 m
Rotation from last submap: 307.89 degrees
Creating new submap at vertex <0,80>
Transformation Matrix:
   0.603324    0.797361   0.0146635    -22.7471
  -0.797166    0.603501   -0.017685     10.8004
 -0.0229508 -0.00101942    0.999736   -0.255183
          0           0           0           1
Original cloud size: 999167
Transformed cloud size: 999167
Cropped cloud size: 362007
Point cloud associated with vertex <0,80>.
Submap pointer saved for vertex <0,80>.
Using previous submap for vertex <0,80>
Submap pointer saved for vertex <0,80>.
Vertex ID: <0,81>, Timestamp (nanoseconds): 1740265754926041600
Distance from last submap: 0.398346 m
Rotation from last submap: 308.918 degrees
Creating new submap at vertex <0,81>
Transformation Matrix:
  0.536297   0.843974 0.00970017   -22.1825
 -0.843733   0.536378 -0.0203299     12.679
-0.0223609 0.00271852   0.999746   -0.31183
         0          0          0          1
Original cloud size: 999167
Transformed cloud size: 999167
Cropped cloud size: 362183
Point cloud associated with vertex <0,81>.
Submap pointer saved for vertex <0,81>.
Using previous submap for vertex <0,81>
Submap pointer saved for vertex <0,81>.
Vertex ID: <0,82>, Timestamp (nanoseconds): 1740265755136126976
Distance from last submap: 0.417763 m
Rotation from last submap: 0.509698 degrees
Using previous submap for vertex <0,82>
Submap pointer saved for vertex <0,82>.
Vertex ID: <0,83>, Timestamp (nanoseconds): 1740265755336141568
Distance from last submap: 0.824441 m
Rotation from last submap: 311.164 degrees
Creating new submap at vertex <0,83>
Transformation Matrix:
    0.53307    0.846067 -0.00270323    -22.9493
  -0.845894     0.53289  -0.0221922     12.7719
 -0.0173356   0.0141166     0.99975   -0.566675
          0           0           0           1
Original cloud size: 999167
Transformed cloud size: 999167
Cropped cloud size: 361195
Point cloud associated with vertex <0,83>.
Submap pointer saved for vertex <0,83>.
Using previous submap for vertex <0,83>
Submap pointer saved for vertex <0,83>.
Vertex ID: <0,84>, Timestamp (nanoseconds): 1740265755537530112
Distance from last submap: 0.401714 m
Rotation from last submap: 311.566 degrees
Creating new submap at vertex <0,84>
Transformation Matrix:
   0.533315    0.845879 -0.00798221    -23.3501
  -0.845783    0.533038  -0.0228527      12.768
 -0.0150758   0.0189389    0.999707   -0.681065
          0           0           0           1
Original cloud size: 999167
Transformed cloud size: 999167
Cropped cloud size: 361278
Point cloud associated with vertex <0,84>.
Submap pointer saved for vertex <0,84>.
Using previous submap for vertex <0,84>
Submap pointer saved for vertex <0,84>.
Vertex ID: <0,85>, Timestamp (nanoseconds): 1740265755746780160
Distance from last submap: 0.424931 m
Rotation from last submap: 311.624 degrees
Creating new submap at vertex <0,85>
Transformation Matrix:
   0.532967     0.84608 -0.00975703    -23.7681
  -0.845985    0.532619   -0.025023     12.7811
 -0.0159747   0.0215907    0.999639   -0.695496
          0           0           0           1
Original cloud size: 999167
Transformed cloud size: 999167
Cropped cloud size: 360796
Point cloud associated with vertex <0,85>.
Submap pointer saved for vertex <0,85>.
Using previous submap for vertex <0,85>
Submap pointer saved for vertex <0,85>.
Vertex ID: <0,86>, Timestamp (nanoseconds): 1740265755947015680
Distance from last submap: 0.402031 m
Rotation from last submap: 311.729 degrees
Creating new submap at vertex <0,86>
Transformation Matrix:
  0.533083   0.846004 -0.0100196   -24.1717
 -0.845902   0.532712 -0.0258495    12.7789
-0.0165312  0.0222555   0.999616  -0.691263
         0          0          0          1
Original cloud size: 999167
Transformed cloud size: 999167
Cropped cloud size: 360097
Point cloud associated with vertex <0,86>.
Submap pointer saved for vertex <0,86>.
Using previous submap for vertex <0,86>
Submap pointer saved for vertex <0,86>.
Vertex ID: <0,87>, Timestamp (nanoseconds): 1740265756147850496
Distance from last submap: 0.402164 m
Rotation from last submap: 311.597 degrees
Creating new submap at vertex <0,87>
Transformation Matrix:
   0.53296    0.84603 -0.0136974   -24.5684
 -0.845995   0.532498 -0.0271511     12.785
-0.0156768  0.0260584   0.999537  -0.762632
         0          0          0          1
Original cloud size: 999167
Transformed cloud size: 999167
Cropped cloud size: 359468
Point cloud associated with vertex <0,87>.
Submap pointer saved for vertex <0,87>.
Using previous submap for vertex <0,87>
Submap pointer saved for vertex <0,87>.
Vertex ID: <0,88>, Timestamp (nanoseconds): 1740265756348612864
Distance from last submap: 0.406556 m
Rotation from last submap: 0.296438 degrees
Using previous submap for vertex <0,88>
Submap pointer saved for vertex <0,88>.
Vertex ID: <0,89>, Timestamp (nanoseconds): 1740265756559282944
Distance from last submap: 0.831301 m
Rotation from last submap: 2.43311 degrees
Using previous submap for vertex <0,89>
Submap pointer saved for vertex <0,89>.
Vertex ID: <0,90>, Timestamp (nanoseconds): 1740265756769526528
Distance from last submap: 1.27881 m
Rotation from last submap: 5.59321 degrees
Using previous submap for vertex <0,90>
Submap pointer saved for vertex <0,90>.
Vertex ID: <0,91>, Timestamp (nanoseconds): 1740265756978542848
Distance from last submap: 1.69672 m
Rotation from last submap: 5.67463 degrees
Creating new submap at vertex <0,91>
Transformation Matrix:
   0.611374    0.791321  0.00581419    -27.3868
  -0.791259      0.6114 -0.00997499     10.2907
 -0.0114482  0.00149791    0.999933   -0.497556
          0           0           0           1
Original cloud size: 999167
Transformed cloud size: 999167
Cropped cloud size: 356252
Point cloud associated with vertex <0,91>.
Submap pointer saved for vertex <0,91>.
Using previous submap for vertex <0,91>
Submap pointer saved for vertex <0,91>.
Vertex ID: <0,92>, Timestamp (nanoseconds): 1740265757188605696
Distance from last submap: 0.423821 m
Rotation from last submap: 0.592677 degrees
Using previous submap for vertex <0,92>
Submap pointer saved for vertex <0,92>.
Vertex ID: <0,93>, Timestamp (nanoseconds): 1740265757399584512
Distance from last submap: 0.842044 m
Rotation from last submap: 1.26242 degrees
Using previous submap for vertex <0,93>
Submap pointer saved for vertex <0,93>.
Vertex ID: <0,94>, Timestamp (nanoseconds): 1740265757609643264
Distance from last submap: 1.26399 m
Rotation from last submap: 1.73823 degrees
Using previous submap for vertex <0,94>
Submap pointer saved for vertex <0,94>.
