[36m18:53:37.579 140693193867264 INFO [configure.cpp:47] [default] Logging to: example_log.txt
[0m[36m18:53:37.579 140693193867264 INFO [configure.cpp:49] [default] Enabled loggers: [test]
[0mPoint cloud loaded successfully.
Vertex ID: <0,0>, Timestamp (nanoseconds): 1738454257289218304
Creating new submap at vertex <0,0>
Transformation Matrix:
           1  2.83382e-07  2.62438e-07  4.45762e-05
-2.83382e-07            1 -1.83808e-06 -3.94947e-07
-2.62439e-07  1.83808e-06            1            0
           0            0            0            1
Original cloud size: 105430
Transformed cloud size: 105430
Cropped cloud size: 28497
Point cloud associated with vertex <0,0>.
Submap pointer saved for vertex <0,0>.
Using previous submap for vertex <0,0>
Submap pointer saved for vertex <0,0>.
Vertex ID: <0,1>, Timestamp (nanoseconds): 1738454257489979136
Distance from last submap: 3.50582e-05 m
Rotation from last submap: 311.769 degrees
Creating new submap at vertex <0,1>
Transformation Matrix:
           1  5.10143e-07  4.39755e-07   7.9633e-05
-5.10141e-07            1 -3.29549e-06 -7.09015e-07
-4.39757e-07  3.29549e-06            1 -8.47973e-12
           0            0            0            1
Original cloud size: 105430
Transformed cloud size: 105430
Cropped cloud size: 28497
Point cloud associated with vertex <0,1>.
Submap pointer saved for vertex <0,1>.
Using previous submap for vertex <0,1>
Submap pointer saved for vertex <0,1>.
Vertex ID: <0,2>, Timestamp (nanoseconds): 1738454257690945536
Distance from last submap: 3.64041e-05 m
Rotation from last submap: 311.768 degrees
Creating new submap at vertex <0,2>
Transformation Matrix:
           1  2.01445e-05  3.51219e-06  4.32534e-05
-2.01445e-05            1 -5.69117e-06 -2.04435e-06
 -3.5123e-06   5.6911e-06            1 -2.54854e-10
           0            0            0            1
Original cloud size: 105430
Transformed cloud size: 105430
Cropped cloud size: 28497
Point cloud associated with vertex <0,2>.
Submap pointer saved for vertex <0,2>.
Using previous submap for vertex <0,2>
Submap pointer saved for vertex <0,2>.
Vertex ID: <0,3>, Timestamp (nanoseconds): 1738454257891823360
Distance from last submap: 0.0720679 m
Rotation from last submap: 0.497907 degrees
Using previous submap for vertex <0,3>
Submap pointer saved for vertex <0,3>.
Vertex ID: <0,4>, Timestamp (nanoseconds): 1738454258092813056
Distance from last submap: 0.249186 m
Rotation from last submap: 2.89227 degrees
Using previous submap for vertex <0,4>
Submap pointer saved for vertex <0,4>.
Vertex ID: <0,5>, Timestamp (nanoseconds): 1738454258294297088
Distance from last submap: 0.483434 m
Rotation from last submap: 4.72215 degrees
Using previous submap for vertex <0,5>
Submap pointer saved for vertex <0,5>.
Vertex ID: <0,6>, Timestamp (nanoseconds): 1738454258494566912
Distance from last submap: 0.815622 m
Rotation from last submap: 6.9066 degrees
Using previous submap for vertex <0,6>
Submap pointer saved for vertex <0,6>.
Vertex ID: <0,7>, Timestamp (nanoseconds): 1738454258695405312
Distance from last submap: 1.16347 m
Rotation from last submap: 8.29116 degrees
Using previous submap for vertex <0,7>
Submap pointer saved for vertex <0,7>.
Vertex ID: <0,8>, Timestamp (nanoseconds): 1738454258895445760
Distance from last submap: 1.50826 m
Rotation from last submap: 6.48625 degrees
Creating new submap at vertex <0,8>
Transformation Matrix:
  0.995758   0.050084 -0.0771848   -1.50766
-0.0447599   0.996596    0.06923  0.0391329
 0.0803894 -0.0654815    0.99461 -0.0124636
         0          0          0          1
Original cloud size: 105430
Transformed cloud size: 105430
Cropped cloud size: 28614
Point cloud associated with vertex <0,8>.
Submap pointer saved for vertex <0,8>.
Using previous submap for vertex <0,8>
Submap pointer saved for vertex <0,8>.
Vertex ID: <0,9>, Timestamp (nanoseconds): 1738454259097051648
Distance from last submap: 0.333119 m
Rotation from last submap: 311.145 degrees
Creating new submap at vertex <0,9>
Transformation Matrix:
  0.995439  0.0555807 -0.0775365   -1.84053
-0.0512339   0.997061  0.0569682  0.0466171
  0.080475 -0.0527358   0.995361 -0.0129672
         0          0          0          1
Original cloud size: 105430
Transformed cloud size: 105430
Cropped cloud size: 28866
Point cloud associated with vertex <0,9>.
Submap pointer saved for vertex <0,9>.
Using previous submap for vertex <0,9>
Submap pointer saved for vertex <0,9>.
Vertex ID: <0,10>, Timestamp (nanoseconds): 1738454259298590464
Distance from last submap: 0.320848 m
Rotation from last submap: 310.416 degrees
Creating new submap at vertex <0,10>
Transformation Matrix:
  0.993575  0.0543418 -0.0992756   -2.16072
-0.0506163    0.99793  0.0396697  0.0376873
  0.101226 -0.0343899   0.994269 -0.0522129
         0          0          0          1
Original cloud size: 105430
Transformed cloud size: 105430
Cropped cloud size: 29108
Point cloud associated with vertex <0,10>.
Submap pointer saved for vertex <0,10>.
Using previous submap for vertex <0,10>
Submap pointer saved for vertex <0,10>.
Vertex ID: <0,11>, Timestamp (nanoseconds): 1738454259499109888
Distance from last submap: 0.348486 m
Rotation from last submap: 0.882712 degrees
Using previous submap for vertex <0,11>
Submap pointer saved for vertex <0,11>.
Vertex ID: <0,12>, Timestamp (nanoseconds): 1738454259699652352
Distance from last submap: 0.671846 m
Rotation from last submap: 310.331 degrees
Creating new submap at vertex <0,12>
Transformation Matrix:
  0.994891  0.0278096 -0.0970457   -2.83291
-0.0256873   0.999404  0.0230501 -0.0259213
 0.0976289 -0.0204395   0.995013 -0.0401763
         0          0          0          1
Original cloud size: 105430
Transformed cloud size: 105430
Cropped cloud size: 29544
Point cloud associated with vertex <0,12>.
Submap pointer saved for vertex <0,12>.
Using previous submap for vertex <0,12>
Submap pointer saved for vertex <0,12>.
Vertex ID: <0,13>, Timestamp (nanoseconds): 1738454259901010944
Distance from last submap: 0.335523 m
Rotation from last submap: 2.27573 degrees
Using previous submap for vertex <0,13>
Submap pointer saved for vertex <0,13>.
Vertex ID: <0,14>, Timestamp (nanoseconds): 1738454260102201600
Distance from last submap: 0.68453 m
Rotation from last submap: 309.061 degrees
Creating new submap at vertex <0,14>
Transformation Matrix:
  0.998786  0.0252811 -0.0422833   -3.51529
-0.0253638   0.999677 -0.0014206 -0.0376799
 0.0422337 0.00249134   0.999105    0.12038
         0          0          0          1
Original cloud size: 105430
Transformed cloud size: 105430
Cropped cloud size: 30078
Point cloud associated with vertex <0,14>.
Submap pointer saved for vertex <0,14>.
Using previous submap for vertex <0,14>
Submap pointer saved for vertex <0,14>.
Vertex ID: <0,15>, Timestamp (nanoseconds): 1738454260303962624
Distance from last submap: 0.343479 m
Rotation from last submap: 2.99265 degrees
Using previous submap for vertex <0,15>
Submap pointer saved for vertex <0,15>.
Vertex ID: <0,16>, Timestamp (nanoseconds): 1738454260505365760
Distance from last submap: 0.68424 m
Rotation from last submap: 5.07069 degrees
Using previous submap for vertex <0,16>
Submap pointer saved for vertex <0,16>.
Vertex ID: <0,17>, Timestamp (nanoseconds): 1738454260706298880
Distance from last submap: 1.03878 m
Rotation from last submap: 5.15029 degrees
Using previous submap for vertex <0,17>
Submap pointer saved for vertex <0,17>.
Vertex ID: <0,18>, Timestamp (nanoseconds): 1738454260907436544
Distance from last submap: 1.39589 m
Rotation from last submap: 5.05784 degrees
Using previous submap for vertex <0,18>
Submap pointer saved for vertex <0,18>.
Vertex ID: <0,19>, Timestamp (nanoseconds): 1738454261108349696
Distance from last submap: 1.73227 m
Rotation from last submap: 8.97646 degrees
Creating new submap at vertex <0,19>
Transformation Matrix:
  0.980626   0.162653  -0.109161    -5.2046
 -0.158943   0.986397  0.0419333   0.668498
  0.114497 -0.0237705   0.993139  -0.139299
         0          0          0          1
Original cloud size: 105430
Transformed cloud size: 105430
Cropped cloud size: 30722
Point cloud associated with vertex <0,19>.
Submap pointer saved for vertex <0,19>.
Using previous submap for vertex <0,19>
Submap pointer saved for vertex <0,19>.
Vertex ID: <0,20>, Timestamp (nanoseconds): 1738454261309042176
Distance from last submap: 0.230925 m
Rotation from last submap: 3.94362 degrees
Using previous submap for vertex <0,20>
Submap pointer saved for vertex <0,20>.
Vertex ID: <0,21>, Timestamp (nanoseconds): 1738454261509388800
Distance from last submap: 0.346209 m
Rotation from last submap: 7.27797 degrees
Using previous submap for vertex <0,21>
Submap pointer saved for vertex <0,21>.
Vertex ID: <0,22>, Timestamp (nanoseconds): 1738454261710181632
Distance from last submap: 0.413372 m
Rotation from last submap: 8.46594 degrees
Using previous submap for vertex <0,22>
Submap pointer saved for vertex <0,22>.
Vertex ID: <0,23>, Timestamp (nanoseconds): 1738454261910565120
Distance from last submap: 0.505364 m
Rotation from last submap: 9.53074 degrees
Using previous submap for vertex <0,23>
Submap pointer saved for vertex <0,23>.
Vertex ID: <0,24>, Timestamp (nanoseconds): 1738454262110869248
Distance from last submap: 0.624709 m
Rotation from last submap: 8.39964 degrees
Using previous submap for vertex <0,24>
Submap pointer saved for vertex <0,24>.
Vertex ID: <0,25>, Timestamp (nanoseconds): 1738454262311710720
Distance from last submap: 0.830634 m
Rotation from last submap: 305.864 degrees
Creating new submap at vertex <0,25>
Transformation Matrix:
   0.94379   0.305202  -0.126933   -5.87034
 -0.301033   0.952233  0.0513022    1.52646
  0.136528 -0.0102074   0.990584  -0.270033
         0          0          0          1
Original cloud size: 105430
Transformed cloud size: 105430
Cropped cloud size: 31162
Point cloud associated with vertex <0,25>.
Submap pointer saved for vertex <0,25>.
Using previous submap for vertex <0,25>
Submap pointer saved for vertex <0,25>.
Vertex ID: <0,26>, Timestamp (nanoseconds): 1738454262511892736
Distance from last submap: 0.332227 m
Rotation from last submap: 310.215 degrees
Creating new submap at vertex <0,26>
Transformation Matrix:
  0.949522   0.299362 -0.0937573   -6.21676
 -0.296514   0.954047  0.0432882    1.49137
  0.102408 -0.0133027   0.994654 -0.0607581
         0          0          0          1
Original cloud size: 105430
Transformed cloud size: 105430
Cropped cloud size: 31238
Point cloud associated with vertex <0,26>.
Submap pointer saved for vertex <0,26>.
Using previous submap for vertex <0,26>
Submap pointer saved for vertex <0,26>.
Vertex ID: <0,27>, Timestamp (nanoseconds): 1738454262712867328
Distance from last submap: 0.339737 m
Rotation from last submap: 0.395665 degrees
Using previous submap for vertex <0,27>
Submap pointer saved for vertex <0,27>.
Vertex ID: <0,28>, Timestamp (nanoseconds): 1738454262913297920
Distance from last submap: 0.685973 m
Rotation from last submap: 309.651 degrees
Creating new submap at vertex <0,28>
Transformation Matrix:
  0.951246   0.302302 -0.0611896   -6.89577
 -0.301966   0.953202  0.0148915    1.50474
 0.0628278 0.00431168   0.998015   0.193883
         0          0          0          1
Original cloud size: 105430
Transformed cloud size: 105430
Cropped cloud size: 31550
Point cloud associated with vertex <0,28>.
Submap pointer saved for vertex <0,28>.
Using previous submap for vertex <0,28>
Submap pointer saved for vertex <0,28>.
Vertex ID: <0,29>, Timestamp (nanoseconds): 1738454263114239744
Distance from last submap: 0.356581 m
Rotation from last submap: 310.895 degrees
Creating new submap at vertex <0,29>
Transformation Matrix:
  0.949196   0.304181 -0.0806235   -7.25161
 -0.304361   0.952501  0.0103536    1.52049
 0.0799433   0.014711   0.996691  0.0664454
         0          0          0          1
Original cloud size: 105430
Transformed cloud size: 105430
Cropped cloud size: 31781
Point cloud associated with vertex <0,29>.
Submap pointer saved for vertex <0,29>.
Using previous submap for vertex <0,29>
Submap pointer saved for vertex <0,29>.
Vertex ID: <0,30>, Timestamp (nanoseconds): 1738454263315097600
Distance from last submap: 0.359174 m
Rotation from last submap: 310.713 degrees
Creating new submap at vertex <0,30>
Transformation Matrix:
  0.946317   0.307016   -0.10112   -7.60546
 -0.308315    0.95128 0.00291041    1.54495
 0.0970872  0.0284227    0.99487 -0.0709898
         0          0          0          1
Original cloud size: 105430
Transformed cloud size: 105430
Cropped cloud size: 31984
Point cloud associated with vertex <0,30>.
Submap pointer saved for vertex <0,30>.
Using previous submap for vertex <0,30>
Submap pointer saved for vertex <0,30>.
Vertex ID: <0,31>, Timestamp (nanoseconds): 1738454263515518976
Distance from last submap: 0.350481 m
Rotation from last submap: 310.511 degrees
Creating new submap at vertex <0,31>
Transformation Matrix:
   0.942955    0.308534   -0.125074    -7.94827
  -0.311922    0.950074 -0.00798291     1.56428
   0.116366   0.0465407    0.992115   -0.236711
          0           0           0           1
Original cloud size: 105430
Transformed cloud size: 105430
Cropped cloud size: 32264
Point cloud associated with vertex <0,31>.
Submap pointer saved for vertex <0,31>.
Using previous submap for vertex <0,31>
Submap pointer saved for vertex <0,31>.
Vertex ID: <0,32>, Timestamp (nanoseconds): 1738454263716507648
Distance from last submap: 0.340351 m
Rotation from last submap: 310.805 degrees
Creating new submap at vertex <0,32>
Transformation Matrix:
  0.944869   0.308209  -0.110584   -8.29278
 -0.312302   0.949742 -0.0213871    1.55279
 0.0984344  0.0547435   0.993637 -0.0999509
         0          0          0          1
Original cloud size: 105430
Transformed cloud size: 105430
Cropped cloud size: 32454
Point cloud associated with vertex <0,32>.
Submap pointer saved for vertex <0,32>.
Using previous submap for vertex <0,32>
Submap pointer saved for vertex <0,32>.
Vertex ID: <0,33>, Timestamp (nanoseconds): 1738454263917172224
Distance from last submap: 0.35069 m
Rotation from last submap: 310.791 degrees
Creating new submap at vertex <0,33>
Transformation Matrix:
  0.949755   0.296178  -0.101211   -8.66356
 -0.300484   0.953316  -0.029983    1.43239
  0.087606  0.0588888   0.994413 -0.0136418
         0          0          0          1
Original cloud size: 105430
Transformed cloud size: 105430
Cropped cloud size: 32615
Point cloud associated with vertex <0,33>.
Submap pointer saved for vertex <0,33>.
Using previous submap for vertex <0,33>
Submap pointer saved for vertex <0,33>.
Vertex ID: <0,34>, Timestamp (nanoseconds): 1738454264117765376
Distance from last submap: 0.355437 m
Rotation from last submap: 1.09449 degrees
Using previous submap for vertex <0,34>
Submap pointer saved for vertex <0,34>.
Vertex ID: <0,35>, Timestamp (nanoseconds): 1738454264318178560
Distance from last submap: 0.704064 m
Rotation from last submap: 4.87665 degrees
Using previous submap for vertex <0,35>
Submap pointer saved for vertex <0,35>.
Vertex ID: <0,36>, Timestamp (nanoseconds): 1738454264519163904
Distance from last submap: 1.00477 m
Rotation from last submap: 10.6738 degrees
Using previous submap for vertex <0,36>
Submap pointer saved for vertex <0,36>.
Vertex ID: <0,37>, Timestamp (nanoseconds): 1738454264719757312
Distance from last submap: 1.31673 m
Rotation from last submap: 16.7405 degrees
Using previous submap for vertex <0,37>
Submap pointer saved for vertex <0,37>.
Vertex ID: <0,38>, Timestamp (nanoseconds): 1738454264920603392
Distance from last submap: 1.57915 m
Rotation from last submap: 16.4131 degrees
Creating new submap at vertex <0,38>
Transformation Matrix:
  0.996347  0.0177217 -0.0835346   -10.2575
-0.0190824   0.999697 -0.0155191   -1.39573
 0.0832343  0.0170565   0.996384   0.131881
         0          0          0          1
Original cloud size: 105430
Transformed cloud size: 105430
Cropped cloud size: 32962
Point cloud associated with vertex <0,38>.
Submap pointer saved for vertex <0,38>.
Using previous submap for vertex <0,38>
Submap pointer saved for vertex <0,38>.
Vertex ID: <0,39>, Timestamp (nanoseconds): 1738454265125357824
Distance from last submap: 0.222445 m
Rotation from last submap: 308.942 degrees
Creating new submap at vertex <0,39>
Transformation Matrix:
  0.991858  0.0661714  -0.108806   -10.5349
-0.0689903   0.997367 -0.0223465  -0.867553
  0.107041  0.0296711   0.993812  -0.132993
         0          0          0          1
Original cloud size: 105430
Transformed cloud size: 105430
Cropped cloud size: 33169
Point cloud associated with vertex <0,39>.
Submap pointer saved for vertex <0,39>.
Using previous submap for vertex <0,39>
Submap pointer saved for vertex <0,39>.
Vertex ID: <0,40>, Timestamp (nanoseconds): 1738454265325553152
Distance from last submap: 0.23004 m
Rotation from last submap: 310.771 degrees
Creating new submap at vertex <0,40>
Transformation Matrix:
   0.98954  0.0900278   -0.11272   -10.7813
-0.0931173   0.995402 -0.0224391  -0.593729
  0.110182  0.0327006   0.993373  -0.170869
         0          0          0          1
Original cloud size: 105430
Transformed cloud size: 105430
Cropped cloud size: 33289
Point cloud associated with vertex <0,40>.
Submap pointer saved for vertex <0,40>.
Using previous submap for vertex <0,40>
Submap pointer saved for vertex <0,40>.
Vertex ID: <0,41>, Timestamp (nanoseconds): 1738454265525780736
Distance from last submap: 0.324143 m
Rotation from last submap: 0.449846 degrees
Using previous submap for vertex <0,41>
Submap pointer saved for vertex <0,41>.
Vertex ID: <0,42>, Timestamp (nanoseconds): 1738454265725924352
Distance from last submap: 0.654469 m
Rotation from last submap: 2.19795 degrees
Using previous submap for vertex <0,42>
Submap pointer saved for vertex <0,42>.
Vertex ID: <0,43>, Timestamp (nanoseconds): 1738454265926261504
Distance from last submap: 0.987813 m
Rotation from last submap: 307.983 degrees
Creating new submap at vertex <0,43>
Transformation Matrix:
    0.9942   0.104998 -0.0232565   -11.7461
 -0.105787   0.993744 -0.0357943  -0.456588
 0.0193527  0.0380469   0.999089   0.841438
         0          0          0          1
Original cloud size: 105430
Transformed cloud size: 105430
Cropped cloud size: 33571
Point cloud associated with vertex <0,43>.
Submap pointer saved for vertex <0,43>.
Using previous submap for vertex <0,43>
Submap pointer saved for vertex <0,43>.
Vertex ID: <0,44>, Timestamp (nanoseconds): 1738454266126489856
Distance from last submap: 0.35758 m
Rotation from last submap: 0.794832 degrees
Using previous submap for vertex <0,44>
Submap pointer saved for vertex <0,44>.
Vertex ID: <0,45>, Timestamp (nanoseconds): 1738454266326580992
Distance from last submap: 0.696047 m
Rotation from last submap: 2.50286 degrees
Using previous submap for vertex <0,45>
Submap pointer saved for vertex <0,45>.
Vertex ID: <0,46>, Timestamp (nanoseconds): 1738454266526703104
Distance from last submap: 1.05223 m
Rotation from last submap: 5.68604 degrees
Using previous submap for vertex <0,46>
Submap pointer saved for vertex <0,46>.
Vertex ID: <0,47>, Timestamp (nanoseconds): 1738454266727165440
Distance from last submap: 1.41038 m
Rotation from last submap: 7.85083 degrees
Using previous submap for vertex <0,47>
Submap pointer saved for vertex <0,47>.
Vertex ID: <0,48>, Timestamp (nanoseconds): 1738454266927547392
Distance from last submap: 1.6809 m
Rotation from last submap: 6.61773 degrees
Creating new submap at vertex <0,48>
Transformation Matrix:
  0.984643   0.118061  -0.128608   -13.4554
 -0.117725   0.992993  0.0102345  -0.225488
  0.128915 0.00506308   0.991643  -0.436743
         0          0          0          1
Original cloud size: 105430
Transformed cloud size: 105430
Cropped cloud size: 33573
Point cloud associated with vertex <0,48>.
Submap pointer saved for vertex <0,48>.
Using previous submap for vertex <0,48>
Submap pointer saved for vertex <0,48>.
Vertex ID: <0,49>, Timestamp (nanoseconds): 1738454267128121088
Distance from last submap: 0.218887 m
Rotation from last submap: 309.744 degrees
Creating new submap at vertex <0,49>
Transformation Matrix:
   0.98515   0.140854 -0.0981818   -13.6826
 -0.141103   0.989985 0.00444178  0.0964255
 0.0978241 0.00947789   0.995159 -0.0273544
         0          0          0          1
Original cloud size: 105430
Transformed cloud size: 105430
Cropped cloud size: 33606
Point cloud associated with vertex <0,49>.
Submap pointer saved for vertex <0,49>.
Using previous submap for vertex <0,49>
Submap pointer saved for vertex <0,49>.
Vertex ID: <0,50>, Timestamp (nanoseconds): 1738454267329130496
Distance from last submap: 0.279232 m
Rotation from last submap: 307.753 degrees
Creating new submap at vertex <0,50>
Transformation Matrix:
  0.994657   0.084041 -0.0599475   -13.9352
-0.0856642   0.996009 -0.0250363  -0.718373
 0.0576042  0.0300379   0.997888   0.481368
         0          0          0          1
Original cloud size: 105430
Transformed cloud size: 105430
Cropped cloud size: 33736
Point cloud associated with vertex <0,50>.
Submap pointer saved for vertex <0,50>.
Using previous submap for vertex <0,50>
Submap pointer saved for vertex <0,50>.
Vertex ID: <0,51>, Timestamp (nanoseconds): 1738454267529838336
Distance from last submap: 0.291094 m
Rotation from last submap: 4.41502 degrees
Using previous submap for vertex <0,51>
Submap pointer saved for vertex <0,51>.
Vertex ID: <0,52>, Timestamp (nanoseconds): 1738454267730112512
Distance from last submap: 0.608888 m
Rotation from last submap: 6.45084 degrees
Using previous submap for vertex <0,52>
Submap pointer saved for vertex <0,52>.
Vertex ID: <0,53>, Timestamp (nanoseconds): 1738454267930546944
Distance from last submap: 0.95216 m
Rotation from last submap: 304.832 degrees
Creating new submap at vertex <0,53>
Transformation Matrix:
  0.992168 -0.0502988  -0.114332   -14.6694
 0.0438363   0.997333  -0.058354   -2.64123
  0.116962  0.0528851   0.991727  -0.407826
         0          0          0          1
Original cloud size: 105430
Transformed cloud size: 105430
Cropped cloud size: 33819
Point cloud associated with vertex <0,53>.
Submap pointer saved for vertex <0,53>.
Using previous submap for vertex <0,53>
Submap pointer saved for vertex <0,53>.
Vertex ID: <0,54>, Timestamp (nanoseconds): 1738454268131167232
Distance from last submap: 0.384497 m
Rotation from last submap: 5.30648 degrees
Using previous submap for vertex <0,54>
Submap pointer saved for vertex <0,54>.
Vertex ID: <0,55>, Timestamp (nanoseconds): 1738454268331414272
Distance from last submap: 0.758372 m
Rotation from last submap: 6.02551 degrees
Using previous submap for vertex <0,55>
Submap pointer saved for vertex <0,55>.
Vertex ID: <0,56>, Timestamp (nanoseconds): 1738454268532217088
Distance from last submap: 1.09921 m
Rotation from last submap: 6.22416 degrees
Using previous submap for vertex <0,56>
Submap pointer saved for vertex <0,56>.
Vertex ID: <0,57>, Timestamp (nanoseconds): 1738454268732323840
Distance from last submap: 1.44934 m
Rotation from last submap: 6.68783 degrees
Using previous submap for vertex <0,57>
Submap pointer saved for vertex <0,57>.
Vertex ID: <0,58>, Timestamp (nanoseconds): 1738454268932939008
Distance from last submap: 1.79269 m
Rotation from last submap: 6.59947 degrees
Creating new submap at vertex <0,58>
Transformation Matrix:
  0.983369  -0.159279 -0.0872677   -16.0829
  0.155867   0.986768 -0.0446535   -4.33365
 0.0932254  0.0303087   0.995184  0.0114001
         0          0          0          1
Original cloud size: 105430
Transformed cloud size: 105430
Cropped cloud size: 33822
Point cloud associated with vertex <0,58>.
Submap pointer saved for vertex <0,58>.
Using previous submap for vertex <0,58>
Submap pointer saved for vertex <0,58>.
Vertex ID: <0,59>, Timestamp (nanoseconds): 1738454269133414912
Distance from last submap: 0.370438 m
Rotation from last submap: 2.1427 degrees
Using previous submap for vertex <0,59>
Submap pointer saved for vertex <0,59>.
Vertex ID: <0,60>, Timestamp (nanoseconds): 1738454269334261504
Distance from last submap: 0.741815 m
Rotation from last submap: 310.059 degrees
Creating new submap at vertex <0,60>
Transformation Matrix:
  0.987052   -0.13435 -0.0876247   -16.9286
  0.128671   0.989384 -0.0675469   -3.92032
 0.0957695  0.0553976   0.993861 -0.0614706
         0          0          0          1
Original cloud size: 105430
Transformed cloud size: 105430
Cropped cloud size: 34066
Point cloud associated with vertex <0,60>.
Submap pointer saved for vertex <0,60>.
Using previous submap for vertex <0,60>
Submap pointer saved for vertex <0,60>.
Vertex ID: <0,61>, Timestamp (nanoseconds): 1738454269535885312
Distance from last submap: 0.343933 m
Rotation from last submap: 3.10182 degrees
Using previous submap for vertex <0,61>
Submap pointer saved for vertex <0,61>.
Vertex ID: <0,62>, Timestamp (nanoseconds): 1738454269736595712
Distance from last submap: 0.681763 m
Rotation from last submap: 1.3428 degrees
Using previous submap for vertex <0,62>
Submap pointer saved for vertex <0,62>.
Vertex ID: <0,63>, Timestamp (nanoseconds): 1738454269937716480
Distance from last submap: 1.03302 m
Rotation from last submap: 1.58047 degrees
Using previous submap for vertex <0,63>
Submap pointer saved for vertex <0,63>.
Vertex ID: <0,64>, Timestamp (nanoseconds): 1738454270141729280
Distance from last submap: 1.41246 m
Rotation from last submap: 4.13507 degrees
Using previous submap for vertex <0,64>
Submap pointer saved for vertex <0,64>.
Vertex ID: <0,65>, Timestamp (nanoseconds): 1738454270342300416
Distance from last submap: 1.76144 m
Rotation from last submap: 3.12229 degrees
Creating new submap at vertex <0,65>
Transformation Matrix:
  0.981269  -0.134778  -0.137644   -18.6731
  0.129496   0.990481 -0.0466796   -3.89285
  0.142625   0.027981   0.989381  -0.890029
         0          0          0          1
Original cloud size: 105430
Transformed cloud size: 105430
Cropped cloud size: 33788
Point cloud associated with vertex <0,65>.
Submap pointer saved for vertex <0,65>.
Using previous submap for vertex <0,65>
Submap pointer saved for vertex <0,65>.
Vertex ID: <0,66>, Timestamp (nanoseconds): 1738454270543096832
Distance from last submap: 0.363113 m
Rotation from last submap: 1.06484 degrees
Using previous submap for vertex <0,66>
Submap pointer saved for vertex <0,66>.
Vertex ID: <0,67>, Timestamp (nanoseconds): 1738454270743795456
Distance from last submap: 0.719717 m
Rotation from last submap: 308.747 degrees
Creating new submap at vertex <0,67>
Transformation Matrix:
  0.989118  -0.133523 -0.0617843    -19.401
  0.129856   0.989716 -0.0599986   -3.92996
 0.0691601  0.0513226   0.996285   0.505781
         0          0          0          1
Original cloud size: 105430
Transformed cloud size: 105430
Cropped cloud size: 33983
Point cloud associated with vertex <0,67>.
Submap pointer saved for vertex <0,67>.
Using previous submap for vertex <0,67>
Submap pointer saved for vertex <0,67>.
Vertex ID: <0,68>, Timestamp (nanoseconds): 1738454270944060416
Distance from last submap: 0.363453 m
Rotation from last submap: 2.39459 degrees
Using previous submap for vertex <0,68>
Submap pointer saved for vertex <0,68>.
Vertex ID: <0,69>, Timestamp (nanoseconds): 1738454271144525312
Distance from last submap: 0.726581 m
Rotation from last submap: 1.83495 degrees
Using previous submap for vertex <0,69>
Submap pointer saved for vertex <0,69>.
Vertex ID: <0,70>, Timestamp (nanoseconds): 1738454271344674048
Distance from last submap: 1.08782 m
Rotation from last submap: 308.83 degrees
Creating new submap at vertex <0,70>
Transformation Matrix:
  0.984935  -0.122664  -0.121888   -20.5365
  0.114346    0.99075 -0.0730654   -3.66914
  0.129723  0.0580273   0.989851  -0.728557
         0          0          0          1
Original cloud size: 105430
Transformed cloud size: 105430
Cropped cloud size: 33934
Point cloud associated with vertex <0,70>.
Submap pointer saved for vertex <0,70>.
Using previous submap for vertex <0,70>
Submap pointer saved for vertex <0,70>.
Vertex ID: <0,71>, Timestamp (nanoseconds): 1738454271545663232
Distance from last submap: 0.334518 m
Rotation from last submap: 1.60115 degrees
Using previous submap for vertex <0,71>
Submap pointer saved for vertex <0,71>.
Vertex ID: <0,72>, Timestamp (nanoseconds): 1738454271746300928
Distance from last submap: 0.676287 m
Rotation from last submap: 1.84935 degrees
Using previous submap for vertex <0,72>
Submap pointer saved for vertex <0,72>.
Vertex ID: <0,73>, Timestamp (nanoseconds): 1738454271947228160
Distance from last submap: 1.0187 m
Rotation from last submap: 1.83594 degrees
Using previous submap for vertex <0,73>
Submap pointer saved for vertex <0,73>.
Vertex ID: <0,74>, Timestamp (nanoseconds): 1738454272147839488
Distance from last submap: 1.35999 m
Rotation from last submap: 2.44711 degrees
Using previous submap for vertex <0,74>
Submap pointer saved for vertex <0,74>.
Vertex ID: <0,75>, Timestamp (nanoseconds): 1738454272348491776
Distance from last submap: 1.71995 m
Rotation from last submap: 3.70595 degrees
Creating new submap at vertex <0,75>
Transformation Matrix:
  0.988518  -0.120078 -0.0917194   -22.2718
  0.119081   0.992751 -0.0162837   -3.64638
 0.0930098 0.00517469   0.995652   0.130709
         0          0          0          1
Original cloud size: 105430
Transformed cloud size: 105430
Cropped cloud size: 33273
Point cloud associated with vertex <0,75>.
Submap pointer saved for vertex <0,75>.
Using previous submap for vertex <0,75>
Submap pointer saved for vertex <0,75>.
Vertex ID: <0,76>, Timestamp (nanoseconds): 1738454272549796608
Distance from last submap: 0.327402 m
Rotation from last submap: 310.181 degrees
Creating new submap at vertex <0,76>
Transformation Matrix:
    0.9839  -0.156172 -0.0868931   -22.4501
   0.15437   0.987641 -0.0271306   -4.47666
 0.0900563  0.0132801   0.995848   0.189761
         0          0          0          1
Original cloud size: 105430
Transformed cloud size: 105430
Cropped cloud size: 33323
Point cloud associated with vertex <0,76>.
Submap pointer saved for vertex <0,76>.
Using previous submap for vertex <0,76>
Submap pointer saved for vertex <0,76>.
Vertex ID: <0,77>, Timestamp (nanoseconds): 1738454272750893056
Distance from last submap: 0.336777 m
Rotation from last submap: 308.018 degrees
Creating new submap at vertex <0,77>
Transformation Matrix:
   0.97368  -0.219111  -0.062742   -22.4386
  0.215525   0.974701 -0.0592216   -5.97887
 0.0741308  0.0441405   0.996271   0.525056
         0          0          0          1
Original cloud size: 105430
Transformed cloud size: 105430
Cropped cloud size: 33557
Point cloud associated with vertex <0,77>.
Submap pointer saved for vertex <0,77>.
Using previous submap for vertex <0,77>
Submap pointer saved for vertex <0,77>.
Vertex ID: <0,78>, Timestamp (nanoseconds): 1738454272951207936
Distance from last submap: 0.342927 m
Rotation from last submap: 6.31055 degrees
Using previous submap for vertex <0,78>
Submap pointer saved for vertex <0,78>.
Vertex ID: <0,79>, Timestamp (nanoseconds): 1738454273151868672
Distance from last submap: 0.68488 m
Rotation from last submap: 12.2701 degrees
Using previous submap for vertex <0,79>
Submap pointer saved for vertex <0,79>.
Vertex ID: <0,80>, Timestamp (nanoseconds): 1738454273352528896
Distance from last submap: 1.01669 m
Rotation from last submap: 12.0385 degrees
Using previous submap for vertex <0,80>
Submap pointer saved for vertex <0,80>.
Vertex ID: <0,81>, Timestamp (nanoseconds): 1738454273553636096
Distance from last submap: 1.37607 m
Rotation from last submap: 12.1867 degrees
Using previous submap for vertex <0,81>
Submap pointer saved for vertex <0,81>.
Vertex ID: <0,82>, Timestamp (nanoseconds): 1738454273753957632
Distance from last submap: 1.69538 m
Rotation from last submap: 12.2814 degrees
Creating new submap at vertex <0,82>
Transformation Matrix:
  0.905091  -0.421348 -0.0572331   -22.3464
  0.418073   0.906356 -0.0611046   -10.7909
 0.0776198  0.0313777   0.996489   0.493973
         0          0          0          1
Original cloud size: 105430
Transformed cloud size: 105430
Cropped cloud size: 33443
Point cloud associated with vertex <0,82>.
Submap pointer saved for vertex <0,82>.
Using previous submap for vertex <0,82>
Submap pointer saved for vertex <0,82>.
Vertex ID: <0,83>, Timestamp (nanoseconds): 1738454273956015104
Distance from last submap: 0.361939 m
Rotation from last submap: 310.418 degrees
Creating new submap at vertex <0,83>
Transformation Matrix:
  0.901262  -0.428622 -0.0633203   -22.6259
  0.422777    0.90196 -0.0879129   -10.9806
 0.0947937  0.0524622   0.994114   0.056664
         0          0          0          1
Original cloud size: 105430
Transformed cloud size: 105430
Cropped cloud size: 33578
Point cloud associated with vertex <0,83>.
Submap pointer saved for vertex <0,83>.
Using previous submap for vertex <0,83>
Submap pointer saved for vertex <0,83>.
Vertex ID: <0,84>, Timestamp (nanoseconds): 1738454274156753408
Distance from last submap: 0.308044 m
Rotation from last submap: 311.114 degrees
Creating new submap at vertex <0,84>
Transformation Matrix:
  0.897345  -0.436627 -0.0642547   -22.8364
  0.429776   0.897638 -0.0976667   -11.1899
  0.100321  0.0600256   0.993143  -0.085607
         0          0          0          1
Original cloud size: 105430
Transformed cloud size: 105430
Cropped cloud size: 33619
Point cloud associated with vertex <0,84>.
Submap pointer saved for vertex <0,84>.
Using previous submap for vertex <0,84>
Submap pointer saved for vertex <0,84>.
Vertex ID: <0,85>, Timestamp (nanoseconds): 1738454274356805120
Distance from last submap: 0.341105 m
Rotation from last submap: 0.239468 degrees
Using previous submap for vertex <0,85>
Submap pointer saved for vertex <0,85>.
Vertex ID: <0,86>, Timestamp (nanoseconds): 1738454274557282816
Distance from last submap: 0.68522 m
Rotation from last submap: 310.251 degrees
Creating new submap at vertex <0,86>
Transformation Matrix:
  0.903192  -0.428421 -0.0264517   -23.5765
  0.424114   0.900209 -0.0987436   -11.0535
 0.0661159  0.0779659   0.994761   0.797078
         0          0          0          1
Original cloud size: 105430
Transformed cloud size: 105430
Cropped cloud size: 33799
Point cloud associated with vertex <0,86>.
Submap pointer saved for vertex <0,86>.
Using previous submap for vertex <0,86>
Submap pointer saved for vertex <0,86>.
Vertex ID: <0,87>, Timestamp (nanoseconds): 1738454274758075392
Distance from last submap: 0.33641 m
Rotation from last submap: 1.87411 degrees
Using previous submap for vertex <0,87>
Submap pointer saved for vertex <0,87>.
Vertex ID: <0,88>, Timestamp (nanoseconds): 1738454274958575104
Distance from last submap: 0.689184 m
Rotation from last submap: 2.89675 degrees
Using previous submap for vertex <0,88>
Submap pointer saved for vertex <0,88>.
Vertex ID: <0,89>, Timestamp (nanoseconds): 1738454275158704384
Distance from last submap: 1.02099 m
Rotation from last submap: 4.19943 degrees
Using previous submap for vertex <0,89>
Submap pointer saved for vertex <0,89>.
Vertex ID: <0,90>, Timestamp (nanoseconds): 1738454275359921664
Distance from last submap: 1.37301 m
Rotation from last submap: 4.91984 degrees
Using previous submap for vertex <0,90>
Submap pointer saved for vertex <0,90>.
Vertex ID: <0,91>, Timestamp (nanoseconds): 1738454275560159488
Distance from last submap: 1.72632 m
Rotation from last submap: 5.13448 degrees
Creating new submap at vertex <0,91>
Transformation Matrix:
   0.894042   -0.438009  -0.0940021    -25.2369
   0.435955    0.898965  -0.0424754    -11.2162
   0.103109 -0.00300589    0.994665   -0.202364
          0           0           0           1
Original cloud size: 105430
Transformed cloud size: 105430
Cropped cloud size: 33031
Point cloud associated with vertex <0,91>.
Submap pointer saved for vertex <0,91>.
Using previous submap for vertex <0,91>
Submap pointer saved for vertex <0,91>.
Vertex ID: <0,92>, Timestamp (nanoseconds): 1738454275760741120
Distance from last submap: 0.326499 m
Rotation from last submap: 310.743 degrees
Creating new submap at vertex <0,92>
Transformation Matrix:
  0.895749  -0.437588   -0.07842   -25.5686
  0.434144   0.899006 -0.0575072   -11.2095
 0.0956645  0.0174665    0.99526  0.0236363
         0          0          0          1
Original cloud size: 105430
Transformed cloud size: 105430
Cropped cloud size: 33247
Point cloud associated with vertex <0,92>.
Submap pointer saved for vertex <0,92>.
Using previous submap for vertex <0,92>
Submap pointer saved for vertex <0,92>.
Vertex ID: <0,93>, Timestamp (nanoseconds): 1738454275961910016
Distance from last submap: 0.358042 m
Rotation from last submap: 1.12095 degrees
Using previous submap for vertex <0,93>
Submap pointer saved for vertex <0,93>.
Vertex ID: <0,94>, Timestamp (nanoseconds): 1738454276162458624
Distance from last submap: 0.693097 m
Rotation from last submap: 1.24701 degrees
Using previous submap for vertex <0,94>
Submap pointer saved for vertex <0,94>.
Vertex ID: <0,95>, Timestamp (nanoseconds): 1738454276362818304
Distance from last submap: 1.00974 m
Rotation from last submap: 310.505 degrees
Creating new submap at vertex <0,95>
Transformation Matrix:
  0.889421  -0.450459 -0.0775673   -26.4145
  0.444591   0.891967 -0.0820599   -11.5867
  0.106152     0.0385   0.993604  -0.252161
         0          0          0          1
Original cloud size: 105430
Transformed cloud size: 105430
Cropped cloud size: 33561
Point cloud associated with vertex <0,95>.
Submap pointer saved for vertex <0,95>.
Using previous submap for vertex <0,95>
Submap pointer saved for vertex <0,95>.
Vertex ID: <0,96>, Timestamp (nanoseconds): 1738454276563721472
Distance from last submap: 0.333943 m
Rotation from last submap: 1.46299 degrees
Using previous submap for vertex <0,96>
Submap pointer saved for vertex <0,96>.
Vertex ID: <0,97>, Timestamp (nanoseconds): 1738454276763892736
Distance from last submap: 0.700607 m
Rotation from last submap: 1.43637 degrees
Using previous submap for vertex <0,97>
Submap pointer saved for vertex <0,97>.
Vertex ID: <0,98>, Timestamp (nanoseconds): 1738454276964817664
Distance from last submap: 1.0307 m
Rotation from last submap: 310.865 degrees
Creating new submap at vertex <0,98>
Transformation Matrix:
  0.892756  -0.442707 -0.0836492   -27.5455
  0.435176   0.895391 -0.0943192   -11.3365
  0.116655  0.0478019   0.992022  -0.541527
         0          0          0          1
Original cloud size: 105430
Transformed cloud size: 105430
Cropped cloud size: 33614
Point cloud associated with vertex <0,98>.
Submap pointer saved for vertex <0,98>.
Using previous submap for vertex <0,98>
Submap pointer saved for vertex <0,98>.
Vertex ID: <0,99>, Timestamp (nanoseconds): 1738454277164929280
Distance from last submap: 0.323909 m
Rotation from last submap: 1.90465 degrees
Using previous submap for vertex <0,99>
Submap pointer saved for vertex <0,99>.
Vertex ID: <0,100>, Timestamp (nanoseconds): 1738454277365757952
Distance from last submap: 0.621686 m
Rotation from last submap: 3.91982 degrees
Using previous submap for vertex <0,100>
Submap pointer saved for vertex <0,100>.
Vertex ID: <0,101>, Timestamp (nanoseconds): 1738454277566310656
Distance from last submap: 0.971406 m
Rotation from last submap: 8.74117 degrees
Using previous submap for vertex <0,101>
Submap pointer saved for vertex <0,101>.
Vertex ID: <0,102>, Timestamp (nanoseconds): 1738454277766771968
Distance from last submap: 1.30256 m
Rotation from last submap: 12.9133 degrees
Using previous submap for vertex <0,102>
Submap pointer saved for vertex <0,102>.
