[36m21:28:12.100 139712576319488 INFO [configure.cpp:47] [default] Logging to: example_log.txt
[0m[36m21:28:12.100 139712576319488 INFO [configure.cpp:49] [default] Enabled loggers: [test]
[0mPoint cloud loaded successfully.
Vertex ID: <0,0>, Timestamp (nanoseconds): 1738454257088592128
Creating new submap at vertex <0,0>
Transformation Matrix:
   0.994056  -0.0340585   -0.103404  -0.0562942
  0.0334095     0.99941 -0.00800221  0.00590037
   0.103615  0.00449997    0.994607  -0.0938098
          0           0           0           1
Original cloud size: 105430
Transformed cloud size: 105430
Cropped cloud size: 28413
Point cloud associated with vertex <0,0>.
Submap pointer saved for vertex <0,0>.
Using previous submap for vertex <0,0>
Submap pointer saved for vertex <0,0>.
Vertex ID: <0,1>, Timestamp (nanoseconds): 1738454257289218304
Distance from last submap: 4.45955e-05 m
Rotation from last submap: 311.769 degrees
Creating new submap at vertex <0,1>
Transformation Matrix:
   0.994056  -0.0340582   -0.103404  -0.0562496
  0.0334091     0.99941 -0.00800401  0.00590016
   0.103615  0.00450182    0.994607   -0.093811
          0           0           0           1
Original cloud size: 105430
Transformed cloud size: 105430
Cropped cloud size: 28413
Point cloud associated with vertex <0,1>.
Submap pointer saved for vertex <0,1>.
Using previous submap for vertex <0,1>
Submap pointer saved for vertex <0,1>.
Vertex ID: <0,2>, Timestamp (nanoseconds): 1738454257489979136
Distance from last submap: 3.50718e-05 m
Rotation from last submap: 311.769 degrees
Creating new submap at vertex <0,2>
Transformation Matrix:
   0.994056   -0.034058   -0.103403  -0.0562146
  0.0334087     0.99941 -0.00800544  0.00589999
   0.103615  0.00450328    0.994607   -0.093812
          0           0           0           1
Original cloud size: 105430
Transformed cloud size: 105430
Cropped cloud size: 28413
Point cloud associated with vertex <0,2>.
Submap pointer saved for vertex <0,2>.
Using previous submap for vertex <0,2>
Submap pointer saved for vertex <0,2>.
Vertex ID: <0,3>, Timestamp (nanoseconds): 1738454257690945536
Distance from last submap: 3.64046e-05 m
Rotation from last submap: 311.768 degrees
Creating new submap at vertex <0,3>
Transformation Matrix:
   0.994057  -0.0340384   -0.103401  -0.0562511
  0.0333889     0.99941 -0.00800579  0.00589999
   0.103612  0.00450578    0.994608   -0.093812
          0           0           0           1
Original cloud size: 105430
Transformed cloud size: 105430
Cropped cloud size: 28413
Point cloud associated with vertex <0,3>.
Submap pointer saved for vertex <0,3>.
Using previous submap for vertex <0,3>
Submap pointer saved for vertex <0,3>.
Vertex ID: <0,4>, Timestamp (nanoseconds): 1738454257891823360
Distance from last submap: 0.0721512 m
Rotation from last submap: 0.497907 degrees
Using previous submap for vertex <0,4>
Submap pointer saved for vertex <0,4>.
Vertex ID: <0,5>, Timestamp (nanoseconds): 1738454258092813056
Distance from last submap: 0.249833 m
Rotation from last submap: 2.89227 degrees
Using previous submap for vertex <0,5>
Submap pointer saved for vertex <0,5>.
Vertex ID: <0,6>, Timestamp (nanoseconds): 1738454258294297088
Distance from last submap: 0.484691 m
Rotation from last submap: 4.72215 degrees
Using previous submap for vertex <0,6>
Submap pointer saved for vertex <0,6>.
Vertex ID: <0,7>, Timestamp (nanoseconds): 1738454258494566912
Distance from last submap: 0.817564 m
Rotation from last submap: 6.9066 degrees
Using previous submap for vertex <0,7>
Submap pointer saved for vertex <0,7>.
Vertex ID: <0,8>, Timestamp (nanoseconds): 1738454258695405312
Distance from last submap: 1.16669 m
Rotation from last submap: 8.29116 degrees
Using previous submap for vertex <0,8>
Submap pointer saved for vertex <0,8>.
Vertex ID: <0,9>, Timestamp (nanoseconds): 1738454258895445760
Distance from last submap: 1.51155 m
Rotation from last submap: 6.48625 degrees
Creating new submap at vertex <0,9>
Transformation Matrix:
  0.983515   0.015793  -0.180135   -1.55943
-0.0040247   0.997844    0.06551  0.0422421
  0.180781 -0.0637051   0.981458 -0.0850548
         0          0          0          1
Original cloud size: 105430
Transformed cloud size: 105430
Cropped cloud size: 28614
Point cloud associated with vertex <0,9>.
Submap pointer saved for vertex <0,9>.
Using previous submap for vertex <0,9>
Submap pointer saved for vertex <0,9>.
Vertex ID: <0,10>, Timestamp (nanoseconds): 1738454259097051648
Distance from last submap: 0.333292 m
Rotation from last submap: 311.145 degrees
Creating new submap at vertex <0,10>
Transformation Matrix:
  0.983345  0.0212958  -0.180495   -1.89223
-0.0117153   0.998473    0.05398  0.0509349
  0.181369 -0.0509665   0.982093 -0.0748173
         0          0          0          1
Original cloud size: 105430
Transformed cloud size: 105430
Cropped cloud size: 28832
Point cloud associated with vertex <0,10>.
Submap pointer saved for vertex <0,10>.
Using previous submap for vertex <0,10>
Submap pointer saved for vertex <0,10>.
Vertex ID: <0,11>, Timestamp (nanoseconds): 1738454259298590464
Distance from last submap: 0.320848 m
Rotation from last submap: 310.416 degrees
Creating new submap at vertex <0,11>
Transformation Matrix:
  0.979198  0.0200233  -0.201915   -2.21107
-0.0128647   0.999243  0.0367041  0.0429655
  0.202497  -0.033343   0.978715  -0.115637
         0          0          0          1
Original cloud size: 105430
Transformed cloud size: 105430
Cropped cloud size: 29079
Point cloud associated with vertex <0,11>.
Submap pointer saved for vertex <0,11>.
Using previous submap for vertex <0,11>
Submap pointer saved for vertex <0,11>.
Vertex ID: <0,12>, Timestamp (nanoseconds): 1738454259499109888
Distance from last submap: 0.348981 m
Rotation from last submap: 0.882712 degrees
Using previous submap for vertex <0,12>
Submap pointer saved for vertex <0,12>.
Vertex ID: <0,13>, Timestamp (nanoseconds): 1738454259699652352
Distance from last submap: 0.672203 m
Rotation from last submap: 310.331 degrees
Creating new submap at vertex <0,13>
Transformation Matrix:
   0.979852 -0.00652806   -0.199621    -2.88388
  0.0102433    0.999793   0.0175845  -0.0207913
   0.199464   -0.019275    0.979715   -0.119942
          0           0           0           1
Original cloud size: 105430
Transformed cloud size: 105430
Cropped cloud size: 29517
Point cloud associated with vertex <0,13>.
Submap pointer saved for vertex <0,13>.
Using previous submap for vertex <0,13>
Submap pointer saved for vertex <0,13>.
Vertex ID: <0,14>, Timestamp (nanoseconds): 1738454259901010944
Distance from last submap: 0.335575 m
Rotation from last submap: 2.27573 degrees
Using previous submap for vertex <0,14>
Submap pointer saved for vertex <0,14>.
Vertex ID: <0,15>, Timestamp (nanoseconds): 1738454260102201600
Distance from last submap: 0.684696 m
Rotation from last submap: 309.061 degrees
Creating new submap at vertex <0,15>
Transformation Matrix:
   0.989313 -0.00894125   -0.145536    -3.57047
  0.0080385    0.999945 -0.00678985  -0.0309467
   0.145589  0.00554739     0.98933   0.0577669
          0           0           0           1
Original cloud size: 105430
Transformed cloud size: 105430
Cropped cloud size: 29976
Point cloud associated with vertex <0,15>.
Submap pointer saved for vertex <0,15>.
Using previous submap for vertex <0,15>
Submap pointer saved for vertex <0,15>.
Vertex ID: <0,16>, Timestamp (nanoseconds): 1738454260303962624
Distance from last submap: 0.343525 m
Rotation from last submap: 2.99265 degrees
Using previous submap for vertex <0,16>
Submap pointer saved for vertex <0,16>.
Vertex ID: <0,17>, Timestamp (nanoseconds): 1738454260505365760
Distance from last submap: 0.685035 m
Rotation from last submap: 5.07069 degrees
Using previous submap for vertex <0,17>
Submap pointer saved for vertex <0,17>.
Vertex ID: <0,18>, Timestamp (nanoseconds): 1738454260706298880
Distance from last submap: 1.03956 m
Rotation from last submap: 5.15029 degrees
Using previous submap for vertex <0,18>
Submap pointer saved for vertex <0,18>.
Vertex ID: <0,19>, Timestamp (nanoseconds): 1738454260907436544
Distance from last submap: 1.39671 m
Rotation from last submap: 5.05784 degrees
Using previous submap for vertex <0,19>
Submap pointer saved for vertex <0,19>.
Vertex ID: <0,20>, Timestamp (nanoseconds): 1738454261108349696
Distance from last submap: 1.73317 m
Rotation from last submap: 8.97646 degrees
Creating new submap at vertex <0,20>
Transformation Matrix:
 0.968921  0.128668 -0.211275  -5.25473
-0.120698  0.991417 0.0502491  0.680226
 0.215927 -0.023187  0.976134  -0.22307
        0         0         0         1
Original cloud size: 105430
Transformed cloud size: 105430
Cropped cloud size: 30547
Point cloud associated with vertex <0,20>.
Submap pointer saved for vertex <0,20>.
Using previous submap for vertex <0,20>
Submap pointer saved for vertex <0,20>.
Vertex ID: <0,21>, Timestamp (nanoseconds): 1738454261309042176
Distance from last submap: 0.230979 m
Rotation from last submap: 3.94362 degrees
Using previous submap for vertex <0,21>
Submap pointer saved for vertex <0,21>.
Vertex ID: <0,22>, Timestamp (nanoseconds): 1738454261509388800
Distance from last submap: 0.346348 m
Rotation from last submap: 7.27797 degrees
Using previous submap for vertex <0,22>
Submap pointer saved for vertex <0,22>.
Vertex ID: <0,23>, Timestamp (nanoseconds): 1738454261710181632
Distance from last submap: 0.413507 m
Rotation from last submap: 8.46594 degrees
Using previous submap for vertex <0,23>
Submap pointer saved for vertex <0,23>.
Vertex ID: <0,24>, Timestamp (nanoseconds): 1738454261910565120
Distance from last submap: 0.505476 m
Rotation from last submap: 9.53074 degrees
Using previous submap for vertex <0,24>
Submap pointer saved for vertex <0,24>.
Vertex ID: <0,25>, Timestamp (nanoseconds): 1738454262110869248
Distance from last submap: 0.624828 m
Rotation from last submap: 8.39964 degrees
Using previous submap for vertex <0,25>
Submap pointer saved for vertex <0,25>.
Vertex ID: <0,26>, Timestamp (nanoseconds): 1738454262311710720
Distance from last submap: 0.830496 m
Rotation from last submap: 305.864 degrees
Creating new submap at vertex <0,26>
Transformation Matrix:
  0.935225   0.272307  -0.226283   -5.91579
 -0.262114   0.962154  0.0745335    1.54621
  0.238015 -0.0103937   0.971206  -0.361672
         0          0          0          1
Original cloud size: 105430
Transformed cloud size: 105430
Cropped cloud size: 30746
Point cloud associated with vertex <0,26>.
Submap pointer saved for vertex <0,26>.
Using previous submap for vertex <0,26>
Submap pointer saved for vertex <0,26>.
Vertex ID: <0,27>, Timestamp (nanoseconds): 1738454262511892736
Distance from last submap: 0.332228 m
Rotation from last submap: 310.215 degrees
Creating new submap at vertex <0,27>
Transformation Matrix:
  0.944165   0.266424  -0.193832   -6.26538
 -0.258392   0.963777   0.066081    1.51153
  0.204416 -0.0123068   0.978807  -0.151559
         0          0          0          1
Original cloud size: 105430
Transformed cloud size: 105430
Cropped cloud size: 31025
Point cloud associated with vertex <0,27>.
Submap pointer saved for vertex <0,27>.
Using previous submap for vertex <0,27>
Submap pointer saved for vertex <0,27>.
Vertex ID: <0,28>, Timestamp (nanoseconds): 1738454262712867328
Distance from last submap: 0.339746 m
Rotation from last submap: 0.395665 degrees
Using previous submap for vertex <0,28>
Submap pointer saved for vertex <0,28>.
Vertex ID: <0,29>, Timestamp (nanoseconds): 1738454262913297920
Distance from last submap: 0.686344 m
Rotation from last submap: 309.651 degrees
Creating new submap at vertex <0,29>
Transformation Matrix:
  0.949352    0.26945  -0.161641   -6.94731
 -0.266782   0.962991  0.0384079    1.52771
  0.166008 0.00666035   0.986102   0.118835
         0          0          0          1
Original cloud size: 105430
Transformed cloud size: 105430
Cropped cloud size: 31464
Point cloud associated with vertex <0,29>.
Submap pointer saved for vertex <0,29>.
Using previous submap for vertex <0,29>
Submap pointer saved for vertex <0,29>.
Vertex ID: <0,30>, Timestamp (nanoseconds): 1738454263114239744
Distance from last submap: 0.356621 m
Rotation from last submap: 310.895 degrees
Creating new submap at vertex <0,30>
Transformation Matrix:
  0.945363   0.271311  -0.180773   -7.30163
 -0.269656   0.962351  0.0341478    1.54393
  0.183232  0.0164646   0.982932 -0.0148465
         0          0          0          1
Original cloud size: 105430
Transformed cloud size: 105430
Cropped cloud size: 31690
Point cloud associated with vertex <0,30>.
Submap pointer saved for vertex <0,30>.
Using previous submap for vertex <0,30>
Submap pointer saved for vertex <0,30>.
Vertex ID: <0,31>, Timestamp (nanoseconds): 1738454263315097600
Distance from last submap: 0.359187 m
Rotation from last submap: 310.713 degrees
Creating new submap at vertex <0,31>
Transformation Matrix:
 0.940472   0.27415 -0.200885  -7.65371
-0.274399  0.961232 0.0271634    1.5692
 0.200544 0.0295762  0.979238 -0.150047
        0         0         0         1
Original cloud size: 105430
Transformed cloud size: 105430
Cropped cloud size: 31912
Point cloud associated with vertex <0,31>.
Submap pointer saved for vertex <0,31>.
Using previous submap for vertex <0,31>
Submap pointer saved for vertex <0,31>.
Vertex ID: <0,32>, Timestamp (nanoseconds): 1738454263515518976
Distance from last submap: 0.350601 m
Rotation from last submap: 310.511 degrees
Creating new submap at vertex <0,32>
Transformation Matrix:
 0.934698  0.275673 -0.224373  -7.99453
-0.279154  0.960101 0.0167114   1.58953
 0.220028 0.0470145   0.97436 -0.325807
        0         0         0         1
Original cloud size: 105430
Transformed cloud size: 105430
Cropped cloud size: 32103
Point cloud associated with vertex <0,32>.
Submap pointer saved for vertex <0,32>.
Using previous submap for vertex <0,32>
Submap pointer saved for vertex <0,32>.
Vertex ID: <0,33>, Timestamp (nanoseconds): 1738454263716507648
Distance from last submap: 0.340441 m
Rotation from last submap: 310.805 degrees
Creating new submap at vertex <0,33>
Transformation Matrix:
  0.938092   0.275349  -0.210157   -8.34037
 -0.280931   0.959722 0.00342143    1.57918
  0.202634    0.05583   0.977662  -0.195859
         0          0          0          1
Original cloud size: 105430
Transformed cloud size: 105430
Cropped cloud size: 32369
Point cloud associated with vertex <0,33>.
Submap pointer saved for vertex <0,33>.
Using previous submap for vertex <0,33>
Submap pointer saved for vertex <0,33>.
Vertex ID: <0,34>, Timestamp (nanoseconds): 1738454263917172224
Distance from last submap: 0.351046 m
Rotation from last submap: 310.791 degrees
Creating new submap at vertex <0,34>
Transformation Matrix:
   0.943518    0.263201   -0.201244    -8.71237
  -0.269954    0.962852 -0.00637874     1.45883
   0.192089   0.0603452     0.97952  -0.0931096
          0           0           0           1
Original cloud size: 105430
Transformed cloud size: 105430
Cropped cloud size: 32542
Point cloud associated with vertex <0,34>.
Submap pointer saved for vertex <0,34>.
Using previous submap for vertex <0,34>
Submap pointer saved for vertex <0,34>.
Vertex ID: <0,35>, Timestamp (nanoseconds): 1738454264117765376
Distance from last submap: 0.35544 m
Rotation from last submap: 1.09449 degrees
Using previous submap for vertex <0,35>
Submap pointer saved for vertex <0,35>.
Vertex ID: <0,36>, Timestamp (nanoseconds): 1738454264318178560
Distance from last submap: 0.704432 m
Rotation from last submap: 4.87665 degrees
Using previous submap for vertex <0,36>
Submap pointer saved for vertex <0,36>.
Vertex ID: <0,37>, Timestamp (nanoseconds): 1738454264519163904
Distance from last submap: 1.00527 m
Rotation from last submap: 10.6738 degrees
Using previous submap for vertex <0,37>
Submap pointer saved for vertex <0,37>.
Vertex ID: <0,38>, Timestamp (nanoseconds): 1738454264719757312
Distance from last submap: 1.3175 m
Rotation from last submap: 16.7405 degrees
Using previous submap for vertex <0,38>
Submap pointer saved for vertex <0,38>.
Vertex ID: <0,39>, Timestamp (nanoseconds): 1738454264920603392
Distance from last submap: 1.5801 m
Rotation from last submap: 16.4131 degrees
Creating new submap at vertex <0,39>
Transformation Matrix:
  0.982362 -0.0165988  -0.186252   -10.3133
 0.0128225   0.999687  -0.021462   -1.38812
   0.18655  0.0186953   0.982268  0.0418882
         0          0          0          1
Original cloud size: 105430
Transformed cloud size: 105430
Cropped cloud size: 32593
Point cloud associated with vertex <0,39>.
Submap pointer saved for vertex <0,39>.
Using previous submap for vertex <0,39>
Submap pointer saved for vertex <0,39>.
Vertex ID: <0,40>, Timestamp (nanoseconds): 1738454265125357824
Distance from last submap: 0.222804 m
Rotation from last submap: 308.942 degrees
Creating new submap at vertex <0,40>
Transformation Matrix:
  0.976899  0.0318614  -0.211311    -10.588
-0.0375741   0.999027 -0.0230733  -0.856217
   0.21037  0.0304801   0.977147  -0.211561
         0          0          0          1
Original cloud size: 105430
Transformed cloud size: 105430
Cropped cloud size: 32556
Point cloud associated with vertex <0,40>.
Submap pointer saved for vertex <0,40>.
Using previous submap for vertex <0,40>
Submap pointer saved for vertex <0,40>.
Vertex ID: <0,41>, Timestamp (nanoseconds): 1738454265325553152
Distance from last submap: 0.230104 m
Rotation from last submap: 310.771 degrees
Creating new submap at vertex <0,41>
Transformation Matrix:
  0.974986  0.0557652  -0.215155   -10.8339
-0.0616329   0.997885 -0.0206548  -0.580904
  0.213548  0.0333988   0.976361  -0.244187
         0          0          0          1
Original cloud size: 105430
Transformed cloud size: 105430
Cropped cloud size: 32569
Point cloud associated with vertex <0,41>.
Submap pointer saved for vertex <0,41>.
Using previous submap for vertex <0,41>
Submap pointer saved for vertex <0,41>.
Vertex ID: <0,42>, Timestamp (nanoseconds): 1738454265525780736
Distance from last submap: 0.324981 m
Rotation from last submap: 0.449846 degrees
Using previous submap for vertex <0,42>
Submap pointer saved for vertex <0,42>.
Vertex ID: <0,43>, Timestamp (nanoseconds): 1738454265725924352
Distance from last submap: 0.655348 m
Rotation from last submap: 2.19795 degrees
Using previous submap for vertex <0,43>
Submap pointer saved for vertex <0,43>.
Vertex ID: <0,44>, Timestamp (nanoseconds): 1738454265926261504
Distance from last submap: 0.989739 m
Rotation from last submap: 307.983 degrees
Creating new submap at vertex <0,44>
Transformation Matrix:
  0.989389  0.0709706  -0.126776   -11.8068
-0.0756668     0.9966 -0.0326146  -0.441827
   0.12403  0.0418612   0.991395   0.772735
         0          0          0          1
Original cloud size: 105430
Transformed cloud size: 105430
Cropped cloud size: 33248
Point cloud associated with vertex <0,44>.
Submap pointer saved for vertex <0,44>.
Using previous submap for vertex <0,44>
Submap pointer saved for vertex <0,44>.
Vertex ID: <0,45>, Timestamp (nanoseconds): 1738454266126489856
Distance from last submap: 0.357814 m
Rotation from last submap: 0.794832 degrees
Using previous submap for vertex <0,45>
Submap pointer saved for vertex <0,45>.
Vertex ID: <0,46>, Timestamp (nanoseconds): 1738454266326580992
Distance from last submap: 0.696293 m
Rotation from last submap: 2.50286 degrees
Using previous submap for vertex <0,46>
Submap pointer saved for vertex <0,46>.
Vertex ID: <0,47>, Timestamp (nanoseconds): 1738454266526703104
Distance from last submap: 1.05263 m
Rotation from last submap: 5.68604 degrees
Using previous submap for vertex <0,47>
Submap pointer saved for vertex <0,47>.
Vertex ID: <0,48>, Timestamp (nanoseconds): 1738454266727165440
Distance from last submap: 1.41279 m
Rotation from last submap: 7.85083 degrees
Using previous submap for vertex <0,48>
Submap pointer saved for vertex <0,48>.
Vertex ID: <0,49>, Timestamp (nanoseconds): 1738454266927547392
Distance from last submap: 1.68365 m
Rotation from last submap: 6.61773 degrees
Creating new submap at vertex <0,49>
Transformation Matrix:
  0.969409   0.083877  -0.230675     -13.51
-0.0827898   0.996463  0.0144065  -0.212837
  0.231068 0.00513179   0.972924  -0.539243
         0          0          0          1
Original cloud size: 105430
Transformed cloud size: 105430
Cropped cloud size: 32075
Point cloud associated with vertex <0,49>.
Submap pointer saved for vertex <0,49>.
Using previous submap for vertex <0,49>
Submap pointer saved for vertex <0,49>.
Vertex ID: <0,50>, Timestamp (nanoseconds): 1738454267128121088
Distance from last submap: 0.218965 m
Rotation from last submap: 309.744 degrees
Creating new submap at vertex <0,50>
Transformation Matrix:
 0.973827  0.106776 -0.200648    -13.74
-0.106729  0.994226 0.0110863  0.111207
 0.200673 0.0106187  0.979601 -0.122185
        0         0         0         1
Original cloud size: 105430
Transformed cloud size: 105430
Cropped cloud size: 32546
Point cloud associated with vertex <0,50>.
Submap pointer saved for vertex <0,50>.
Using previous submap for vertex <0,50>
Submap pointer saved for vertex <0,50>.
Vertex ID: <0,51>, Timestamp (nanoseconds): 1738454267329130496
Distance from last submap: 0.280101 m
Rotation from last submap: 307.753 degrees
Creating new submap at vertex <0,51>
Transformation Matrix:
  0.985342  0.0498451  -0.163148    -13.997
-0.0544729   0.998226 -0.0240136  -0.704707
  0.161662  0.0325487   0.986309   0.411199
         0          0          0          1
Original cloud size: 105430
Transformed cloud size: 105430
Cropped cloud size: 32968
Point cloud associated with vertex <0,51>.
Submap pointer saved for vertex <0,51>.
Using previous submap for vertex <0,51>
Submap pointer saved for vertex <0,51>.
Vertex ID: <0,52>, Timestamp (nanoseconds): 1738454267529838336
Distance from last submap: 0.291111 m
Rotation from last submap: 4.41502 degrees
Using previous submap for vertex <0,52>
Submap pointer saved for vertex <0,52>.
Vertex ID: <0,53>, Timestamp (nanoseconds): 1738454267730112512
Distance from last submap: 0.608863 m
Rotation from last submap: 6.45084 degrees
Using previous submap for vertex <0,53>
Submap pointer saved for vertex <0,53>.
Vertex ID: <0,54>, Timestamp (nanoseconds): 1738454267930546944
Distance from last submap: 0.95198 m
Rotation from last submap: 304.832 degrees
Creating new submap at vertex <0,54>
Transformation Matrix:
  0.972744 -0.0845754  -0.215907   -14.7281
 0.0708498   0.994989  -0.070553   -2.63392
  0.220792  0.0533331   0.973862  -0.476339
         0          0          0          1
Original cloud size: 105430
Transformed cloud size: 105430
Cropped cloud size: 32527
Point cloud associated with vertex <0,54>.
Submap pointer saved for vertex <0,54>.
Using previous submap for vertex <0,54>
Submap pointer saved for vertex <0,54>.
Vertex ID: <0,55>, Timestamp (nanoseconds): 1738454268131167232
Distance from last submap: 0.384769 m
Rotation from last submap: 5.30648 degrees
Using previous submap for vertex <0,55>
Submap pointer saved for vertex <0,55>.
Vertex ID: <0,56>, Timestamp (nanoseconds): 1738454268331414272
Distance from last submap: 0.758669 m
Rotation from last submap: 6.02551 degrees
Using previous submap for vertex <0,56>
Submap pointer saved for vertex <0,56>.
Vertex ID: <0,57>, Timestamp (nanoseconds): 1738454268532217088
Distance from last submap: 1.09968 m
Rotation from last submap: 6.22416 degrees
Using previous submap for vertex <0,57>
Submap pointer saved for vertex <0,57>.
Vertex ID: <0,58>, Timestamp (nanoseconds): 1738454268732323840
Distance from last submap: 1.45028 m
Rotation from last submap: 6.68783 degrees
Using previous submap for vertex <0,58>
Submap pointer saved for vertex <0,58>.
Vertex ID: <0,59>, Timestamp (nanoseconds): 1738454268932939008
Distance from last submap: 1.79368 m
Rotation from last submap: 6.59947 degrees
Creating new submap at vertex <0,59>
Transformation Matrix:
   0.96316   -0.19307  -0.187207   -16.1443
  0.183281   0.980676 -0.0684263   -4.33468
    0.1968   0.031594   0.979934 -0.0493963
         0          0          0          1
Original cloud size: 105430
Transformed cloud size: 105430
Cropped cloud size: 32165
Point cloud associated with vertex <0,59>.
Submap pointer saved for vertex <0,59>.
Using previous submap for vertex <0,59>
Submap pointer saved for vertex <0,59>.
Vertex ID: <0,60>, Timestamp (nanoseconds): 1738454269133414912
Distance from last submap: 0.371296 m
Rotation from last submap: 2.1427 degrees
Using previous submap for vertex <0,60>
Submap pointer saved for vertex <0,60>.
Vertex ID: <0,61>, Timestamp (nanoseconds): 1738454269334261504
Distance from last submap: 0.742631 m
Rotation from last submap: 310.059 degrees
Creating new submap at vertex <0,61>
Transformation Matrix:
 0.967617 -0.168282 -0.188142   -16.991
 0.153962  0.984114 -0.088405  -3.91757
  0.20003 0.0565754  0.978155 -0.137949
        0         0         0         1
Original cloud size: 105430
Transformed cloud size: 105430
Cropped cloud size: 32333
Point cloud associated with vertex <0,61>.
Submap pointer saved for vertex <0,61>.
Using previous submap for vertex <0,61>
Submap pointer saved for vertex <0,61>.
Vertex ID: <0,62>, Timestamp (nanoseconds): 1738454269535885312
Distance from last submap: 0.343956 m
Rotation from last submap: 3.10182 degrees
Using previous submap for vertex <0,62>
Submap pointer saved for vertex <0,62>.
Vertex ID: <0,63>, Timestamp (nanoseconds): 1738454269736595712
Distance from last submap: 0.681844 m
Rotation from last submap: 1.3428 degrees
Using previous submap for vertex <0,63>
Submap pointer saved for vertex <0,63>.
Vertex ID: <0,64>, Timestamp (nanoseconds): 1738454269937716480
Distance from last submap: 1.03326 m
Rotation from last submap: 1.58047 degrees
Using previous submap for vertex <0,64>
Submap pointer saved for vertex <0,64>.
Vertex ID: <0,65>, Timestamp (nanoseconds): 1738454270141729280
Distance from last submap: 1.41407 m
Rotation from last submap: 4.13507 degrees
Using previous submap for vertex <0,65>
Submap pointer saved for vertex <0,65>.
Vertex ID: <0,66>, Timestamp (nanoseconds): 1738454270342300416
Distance from last submap: 1.76311 m
Rotation from last submap: 3.12229 degrees
Creating new submap at vertex <0,66>
Transformation Matrix:
  0.956672  -0.168739   -0.23729   -18.7331
  0.156981   0.985275 -0.0677443   -3.89155
  0.245227   0.027559   0.969074   -0.97485
         0          0          0          1
Original cloud size: 105430
Transformed cloud size: 105430
Cropped cloud size: 30919
Point cloud associated with vertex <0,66>.
Submap pointer saved for vertex <0,66>.
Using previous submap for vertex <0,66>
Submap pointer saved for vertex <0,66>.
Vertex ID: <0,67>, Timestamp (nanoseconds): 1738454270543096832
Distance from last submap: 0.363131 m
Rotation from last submap: 1.06484 degrees
Using previous submap for vertex <0,67>
Submap pointer saved for vertex <0,67>.
Vertex ID: <0,68>, Timestamp (nanoseconds): 1738454270743795456
Distance from last submap: 0.720326 m
Rotation from last submap: 308.747 degrees
Creating new submap at vertex <0,68>
Transformation Matrix:
  0.972376   -0.16741  -0.162661   -19.4675
  0.155933   0.984439 -0.0810225   -3.92759
  0.173694  0.0534201    0.98335   0.436045
         0          0          0          1
Original cloud size: 105430
Transformed cloud size: 105430
Cropped cloud size: 32135
Point cloud associated with vertex <0,68>.
Submap pointer saved for vertex <0,68>.
Using previous submap for vertex <0,68>
Submap pointer saved for vertex <0,68>.
Vertex ID: <0,69>, Timestamp (nanoseconds): 1738454270944060416
Distance from last submap: 0.363708 m
Rotation from last submap: 2.39459 degrees
Using previous submap for vertex <0,69>
Submap pointer saved for vertex <0,69>.
Vertex ID: <0,70>, Timestamp (nanoseconds): 1738454271144525312
Distance from last submap: 0.72653 m
Rotation from last submap: 1.83495 degrees
Using previous submap for vertex <0,70>
Submap pointer saved for vertex <0,70>.
Vertex ID: <0,71>, Timestamp (nanoseconds): 1738454271344674048
Distance from last submap: 1.08781 m
Rotation from last submap: 308.83 degrees
Creating new submap at vertex <0,71>
Transformation Matrix:
  0.962353  -0.156685  -0.222095   -20.5986
  0.139196   0.985942 -0.0924234   -3.66504
  0.233455  0.0580291   0.970635  -0.806893
         0          0          0          1
Original cloud size: 105430
Transformed cloud size: 105430
Cropped cloud size: 31111
Point cloud associated with vertex <0,71>.
Submap pointer saved for vertex <0,71>.
Using previous submap for vertex <0,71>
Submap pointer saved for vertex <0,71>.
Vertex ID: <0,72>, Timestamp (nanoseconds): 1738454271545663232
Distance from last submap: 0.334549 m
Rotation from last submap: 1.60115 degrees
Using previous submap for vertex <0,72>
Submap pointer saved for vertex <0,72>.
Vertex ID: <0,73>, Timestamp (nanoseconds): 1738454271746300928
Distance from last submap: 0.676639 m
Rotation from last submap: 1.84935 degrees
Using previous submap for vertex <0,73>
Submap pointer saved for vertex <0,73>.
Vertex ID: <0,74>, Timestamp (nanoseconds): 1738454271947228160
Distance from last submap: 1.01924 m
Rotation from last submap: 1.83594 degrees
Using previous submap for vertex <0,74>
Submap pointer saved for vertex <0,74>.
Vertex ID: <0,75>, Timestamp (nanoseconds): 1738454272147839488
Distance from last submap: 1.36077 m
Rotation from last submap: 2.44711 degrees
Using previous submap for vertex <0,75>
Submap pointer saved for vertex <0,75>.
Vertex ID: <0,76>, Timestamp (nanoseconds): 1738454272348491776
Distance from last submap: 1.72062 m
Rotation from last submap: 3.70595 degrees
Creating new submap at vertex <0,76>
Transformation Matrix:
  0.969128  -0.154088  -0.192481   -22.3369
  0.149854   0.988036 -0.0364536   -3.64635
  0.195795 0.00648426   0.980623  0.0476902
         0          0          0          1
Original cloud size: 105430
Transformed cloud size: 105430
Cropped cloud size: 30065
Point cloud associated with vertex <0,76>.
Submap pointer saved for vertex <0,76>.
Using previous submap for vertex <0,76>
Submap pointer saved for vertex <0,76>.
Vertex ID: <0,77>, Timestamp (nanoseconds): 1738454272549796608
Distance from last submap: 0.327434 m
Rotation from last submap: 310.181 degrees
Creating new submap at vertex <0,77>
Transformation Matrix:
  0.963831  -0.189981  -0.186914   -22.5156
  0.183638   0.981678 -0.0508501   -4.47838
   0.19315  0.0146864   0.981059   0.102462
         0          0          0          1
Original cloud size: 105430
Transformed cloud size: 105430
Cropped cloud size: 30199
Point cloud associated with vertex <0,77>.
Submap pointer saved for vertex <0,77>.
Using previous submap for vertex <0,77>
Submap pointer saved for vertex <0,77>.
Vertex ID: <0,78>, Timestamp (nanoseconds): 1738454272750893056
Distance from last submap: 0.336979 m
Rotation from last submap: 308.018 degrees
Creating new submap at vertex <0,78>
Transformation Matrix:
  0.954072  -0.252426  -0.161333   -22.5057
  0.240672   0.966519 -0.0889881   -5.98252
  0.178394  0.0460728    0.98288   0.450792
         0          0          0          1
Original cloud size: 105430
Transformed cloud size: 105430
Cropped cloud size: 30866
Point cloud associated with vertex <0,78>.
Submap pointer saved for vertex <0,78>.
Using previous submap for vertex <0,78>
Submap pointer saved for vertex <0,78>.
Vertex ID: <0,79>, Timestamp (nanoseconds): 1738454272951207936
Distance from last submap: 0.342927 m
Rotation from last submap: 6.31055 degrees
Using previous submap for vertex <0,79>
Submap pointer saved for vertex <0,79>.
Vertex ID: <0,80>, Timestamp (nanoseconds): 1738454273151868672
Distance from last submap: 0.684969 m
Rotation from last submap: 12.2701 degrees
Using previous submap for vertex <0,80>
Submap pointer saved for vertex <0,80>.
Vertex ID: <0,81>, Timestamp (nanoseconds): 1738454273352528896
Distance from last submap: 1.01676 m
Rotation from last submap: 12.0385 degrees
Using previous submap for vertex <0,81>
Submap pointer saved for vertex <0,81>.
Vertex ID: <0,82>, Timestamp (nanoseconds): 1738454273553636096
Distance from last submap: 1.37614 m
Rotation from last submap: 12.1867 degrees
Using previous submap for vertex <0,82>
Submap pointer saved for vertex <0,82>.
Vertex ID: <0,83>, Timestamp (nanoseconds): 1738454273753957632
Distance from last submap: 1.69515 m
Rotation from last submap: 12.2814 degrees
Creating new submap at vertex <0,83>
Transformation Matrix:
 0.879704 -0.452183 -0.147143  -22.4104
 0.439537  0.891307 -0.111258  -10.8095
 0.181458 0.0331997  0.982838  0.418669
        0         0         0         1
Original cloud size: 105430
Transformed cloud size: 105430
Cropped cloud size: 30172
Point cloud associated with vertex <0,83>.
Submap pointer saved for vertex <0,83>.
Using previous submap for vertex <0,83>
Submap pointer saved for vertex <0,83>.
Vertex ID: <0,84>, Timestamp (nanoseconds): 1738454273956015104
Distance from last submap: 0.362507 m
Rotation from last submap: 310.418 degrees
Creating new submap at vertex <0,84>
Transformation Matrix:
   0.875024   -0.459349   -0.152743    -22.6893
   0.441289    0.886632   -0.138373    -10.9977
   0.198989   0.0536762    0.978531 0.000762754
          0           0           0           1
Original cloud size: 105430
Transformed cloud size: 105430
Cropped cloud size: 30188
Point cloud associated with vertex <0,84>.
Submap pointer saved for vertex <0,84>.
Using previous submap for vertex <0,84>
Submap pointer saved for vertex <0,84>.
Vertex ID: <0,85>, Timestamp (nanoseconds): 1738454274156753408
Distance from last submap: 0.308063 m
Rotation from last submap: 311.114 degrees
Creating new submap at vertex <0,85>
Transformation Matrix:
 0.870766  -0.46722 -0.153203  -22.8995
 0.447091  0.882031 -0.148764   -11.207
 0.204635 0.0610425  0.976933 -0.145218
        0         0         0         1
Original cloud size: 105430
Transformed cloud size: 105430
Cropped cloud size: 30233
Point cloud associated with vertex <0,85>.
Submap pointer saved for vertex <0,85>.
Using previous submap for vertex <0,85>
Submap pointer saved for vertex <0,85>.
Vertex ID: <0,86>, Timestamp (nanoseconds): 1738454274356805120
Distance from last submap: 0.34157 m
Rotation from last submap: 0.239468 degrees
Using previous submap for vertex <0,86>
Submap pointer saved for vertex <0,86>.
Vertex ID: <0,87>, Timestamp (nanoseconds): 1738454274557282816
Distance from last submap: 0.686446 m
Rotation from last submap: 310.251 degrees
Creating new submap at vertex <0,87>
Transformation Matrix:
 0.880769 -0.459048 -0.116274  -23.6427
 0.441438  0.884789  -0.14927  -11.0701
   0.1714 0.0801445  0.981936   0.75492
        0         0         0         1
Original cloud size: 105430
Transformed cloud size: 105430
Cropped cloud size: 30921
Point cloud associated with vertex <0,87>.
Submap pointer saved for vertex <0,87>.
Using previous submap for vertex <0,87>
Submap pointer saved for vertex <0,87>.
Vertex ID: <0,88>, Timestamp (nanoseconds): 1738454274758075392
Distance from last submap: 0.336411 m
Rotation from last submap: 1.87411 degrees
Using previous submap for vertex <0,88>
Submap pointer saved for vertex <0,88>.
Vertex ID: <0,89>, Timestamp (nanoseconds): 1738454274958575104
Distance from last submap: 0.689239 m
Rotation from last submap: 2.89675 degrees
Using previous submap for vertex <0,89>
Submap pointer saved for vertex <0,89>.
Vertex ID: <0,90>, Timestamp (nanoseconds): 1738454275158704384
Distance from last submap: 1.02086 m
Rotation from last submap: 4.19943 degrees
Using previous submap for vertex <0,90>
Submap pointer saved for vertex <0,90>.
Vertex ID: <0,91>, Timestamp (nanoseconds): 1738454275359921664
Distance from last submap: 1.37293 m
Rotation from last submap: 4.91984 degrees
Using previous submap for vertex <0,91>
Submap pointer saved for vertex <0,91>.
Vertex ID: <0,92>, Timestamp (nanoseconds): 1738454275560159488
Distance from last submap: 1.72639 m
Rotation from last submap: 5.13448 degrees
Creating new submap at vertex <0,92>
Transformation Matrix:
  0.864354  -0.468624  -0.182438   -25.2999
  0.458997   0.883396 -0.0945196   -11.2358
  0.205459 -0.0020399   0.978664   -0.25343
         0          0          0          1
Original cloud size: 105430
Transformed cloud size: 105430
Cropped cloud size: 28046
Point cloud associated with vertex <0,92>.
Submap pointer saved for vertex <0,92>.
Using previous submap for vertex <0,92>
Submap pointer saved for vertex <0,92>.
Vertex ID: <0,93>, Timestamp (nanoseconds): 1738454275760741120
Distance from last submap: 0.326772 m
Rotation from last submap: 310.743 degrees
Creating new submap at vertex <0,93>
Transformation Matrix:
   0.86768  -0.468191  -0.167119   -25.6324
  0.455641    0.88343  -0.109283   -11.2282
  0.198804  0.0186766   0.979861 -0.0133522
         0          0          0          1
Original cloud size: 105430
Transformed cloud size: 105430
Cropped cloud size: 28757
Point cloud associated with vertex <0,93>.
Submap pointer saved for vertex <0,93>.
Using previous submap for vertex <0,93>
Submap pointer saved for vertex <0,93>.
Vertex ID: <0,94>, Timestamp (nanoseconds): 1738454275961910016
Distance from last submap: 0.358082 m
Rotation from last submap: 1.12095 degrees
Using previous submap for vertex <0,94>
Submap pointer saved for vertex <0,94>.
Vertex ID: <0,95>, Timestamp (nanoseconds): 1738454276162458624
Distance from last submap: 0.693112 m
Rotation from last submap: 1.24701 degrees
Using previous submap for vertex <0,95>
Submap pointer saved for vertex <0,95>.
Vertex ID: <0,96>, Timestamp (nanoseconds): 1738454276362818304
Distance from last submap: 1.00973 m
Rotation from last submap: 310.505 degrees
Creating new submap at vertex <0,96>
Transformation Matrix:
 0.861048 -0.480834 -0.165514  -26.4781
 0.463246  0.875929 -0.134728  -11.6054
  0.20976 0.0393331  0.976961 -0.283876
        0         0         0         1
Original cloud size: 105430
Transformed cloud size: 105430
Cropped cloud size: 28948
Point cloud associated with vertex <0,96>.
Submap pointer saved for vertex <0,96>.
Using previous submap for vertex <0,96>
Submap pointer saved for vertex <0,96>.
Vertex ID: <0,97>, Timestamp (nanoseconds): 1738454276563721472
Distance from last submap: 0.334418 m
Rotation from last submap: 1.46299 degrees
Using previous submap for vertex <0,97>
Submap pointer saved for vertex <0,97>.
Vertex ID: <0,98>, Timestamp (nanoseconds): 1738454276763892736
Distance from last submap: 0.700402 m
Rotation from last submap: 1.43637 degrees
Using previous submap for vertex <0,98>
Submap pointer saved for vertex <0,98>.
Vertex ID: <0,99>, Timestamp (nanoseconds): 1738454276964817664
Distance from last submap: 1.03048 m
Rotation from last submap: 310.865 degrees
Creating new submap at vertex <0,99>
Transformation Matrix:
 0.863992 -0.473228  -0.17197  -27.6088
 0.452732  0.879617 -0.145975   -11.354
 0.220347 0.0482646  0.974227 -0.579498
        0         0         0         1
Original cloud size: 105430
Transformed cloud size: 105430
Cropped cloud size: 28688
Point cloud associated with vertex <0,99>.
Submap pointer saved for vertex <0,99>.
Using previous submap for vertex <0,99>
Submap pointer saved for vertex <0,99>.
Vertex ID: <0,100>, Timestamp (nanoseconds): 1738454277164929280
Distance from last submap: 0.324673 m
Rotation from last submap: 1.90465 degrees
Using previous submap for vertex <0,100>
Submap pointer saved for vertex <0,100>.
Vertex ID: <0,101>, Timestamp (nanoseconds): 1738454277365757952
Distance from last submap: 0.622386 m
Rotation from last submap: 3.91982 degrees
Using previous submap for vertex <0,101>
Submap pointer saved for vertex <0,101>.
